[0.8, 9.1093837000000001e-31, 9.1093837000000001e-31, 1.0, 1.0, 4,1000,False, 1000, 2, 1, 1.14022258293521398152915158762e-15]
[0.8, 9.1093837000000001e-31, 9.1093837000000001e-31, 1.0, 1.0, 4,1000,False, 1000, 2, 1, 1.13238065662307018690901706885e-15]
[0.8, 9.1093837000000001e-31, 9.1093837000000001e-31, 1.0, 1.0, 4,1000,False, 1000, 2, 1, 1.2869387091412632797278262543e-15]
[0.8, 9.1093837000000001e-31, 9.1093837000000001e-31, 1.0, 1.0, 4,1000,False, 1000, 2, 1, 1.2988204637320826893946310799e-15]
[0.8, 9.1093837000000001e-31, 9.1093837000000001e-31, 1.0, 1.0, 4,1000,False, 1000, 2, 1, 1.4832030948297084029410255952e-15]
[0.8, 9.1093837000000001e-31, 9.1093837000000001e-31, 1.0, 1.0, 4,1000,False, 1000, 2, 1, 1.20956941261137605601329972468e-15]
[0.8, 9.1093837000000001e-31, 9.1093837000000001e-31, 1.0, 1.0, 4,1000,False, 1000, 2, 1, 1.17711025725269575847377658095e-15]
[0.8, 9.1093837000000001e-31, 9.1093837000000001e-31, 1.0, 1.0, 4,1000,False, 1000, 2, 1, 1.24799782317661381864379086881e-15]
[0.8, 9.1093837000000001e-31, 9.1093837000000001e-31, 1.0, 1.0, 4,1000,False, 1000, 2, 1, 1.38621902859471450993137502195e-15]
[0.8, 9.1093837000000001e-31, 9.1093837000000001e-31, 1.0, 1.0, 4,1000,False, 1000, 2, 1, 1.36001353753976415970450335054e-15]
[0.8, 9.1093837000000001e-31, 9.1093837000000001e-31, 1.0, 1.0, 4,1000,False, 1000, 2, 1, 1.20697557616997911634378982982e-15]
[0.8, 9.1093837000000001e-31, 9.1093837000000001e-31, 1.0, 1.0, 4,1000,False, 1000, 2, 1, 1.10899897876525947867684638364e-15]
[0.8, 9.1093837000000001e-31, 9.1093837000000001e-31, 1.0, 1.0, 4,1000,False, 1000, 2, 1, 1.15992680232971212033666280648e-15]
[0.8, 9.1093837000000001e-31, 9.1093837000000001e-31, 1.0, 1.0, 4,1000,False, 1000, 2, 1, 1.19209642702071296632696173973e-15]
[0.8, 9.1093837000000001e-31, 9.1093837000000001e-31, 1.0, 1.0, 4,1000,False, 1000, 2, 1, 1.26857180243676402715441647925e-15]
[0.8, 9.1093837000000001e-31, 9.1093837000000001e-31, 1.0, 1.0, 4,1000,False, 1000, 2, 1, 1.18463704029292534012248565295e-15]
[0.8, 9.1093837000000001e-31, 9.1093837000000001e-31, 1.0, 1.0, 4,1000,False, 1000, 2, 1, 1.30020258679456261145237804411e-15]
[0.8, 9.1093837000000001e-31, 9.1093837000000001e-31, 1.0, 1.0, 4,1000,False, 1000, 2, 1, 1.27162536200192757422866349045e-15]
[0.8, 9.1093837000000001e-31, 9.1093837000000001e-31, 1.0, 1.0, 4,1000,False, 1000, 2, 1, 1.2082209388310137581875365687e-15]
[0.8, 9.1093837000000001e-31, 9.1093837000000001e-31, 1.0, 1.0, 4,1000,False, 1000, 2, 1, 1.26884679190326123191294116717e-15]
[0.8, 9.1093837000000001e-31, 9.1093837000000001e-31, 1.0, 1.0, 4,1000,False, 1000, 2, 1, 1.28094999408644661584443016671e-15]
[0.8, 9.1093837000000001e-31, 9.1093837000000001e-31, 1.0, 1.0, 4,1000,False, 1000, 2, 1, 1.18047855978637236111348615513e-15]
[0.8, 9.1093837000000001e-31, 9.1093837000000001e-31, 1.0, 1.0, 4,1000,False, 1000, 2, 1, 1.32462429545068456298611330566e-15]
[0.8, 9.1093837000000001e-31, 9.1093837000000001e-31, 1.0, 1.0, 4,1000,False, 1000, 2, 1, 1.28893168595038088551951226884e-15]
[0.8, 9.1093837000000001e-31, 9.1093837000000001e-31, 1.0, 1.0, 4,1000,False, 1000, 2, 1, 1.06803273072828315401217422876e-15]
[0.8, 9.1093837000000001e-31, 9.1093837000000001e-31, 1.0, 1.0, 4,1000,False, 1000, 2, 1, 1.30727501310463880603500414463e-15]
[0.8, 9.1093837000000001e-31, 9.1093837000000001e-31, 1.0, 1.0, 4,1000,False, 1000, 2, 1, 1.29596854742667203387473135251e-15]
[0.8, 9.1093837000000001e-31, 9.1093837000000001e-31, 1.0, 1.0, 4,1000,False, 1000, 2, 1, 1.20854368959044468610047883205e-15]
[0.8, 9.1093837000000001e-31, 9.1093837000000001e-31, 1.0, 1.0, 4,1000,False, 1000, 2, 1, 1.34931951116567988454826560772e-15]
[0.8, 9.1093837000000001e-31, 9.1093837000000001e-31, 1.0, 1.0, 4,1000,False, 1000, 2, 1, 1.38669018333993718537582247243e-15]
[0.8, 9.1093837000000001e-31, 9.1093837000000001e-31, 1.0, 1.0, 4,1000,False, 1000, 2, 1, 1.20998390825458101210696733846e-15]
[0.8, 9.1093837000000001e-31, 9.1093837000000001e-31, 1.0, 1.0, 4,1000,False, 1000, 2, 1, 1.18398555008033000332389703883e-15]
[0.8, 9.1093837000000001e-31, 9.1093837000000001e-31, 1.0, 1.0, 4,1000,False, 1000, 2, 1, 1.28391546088156680096608003251e-15]
[0.8, 9.1093837000000001e-31, 9.1093837000000001e-31, 1.0, 1.0, 4,1000,False, 1000, 2, 1, 1.33807038990868391189014033885e-15]
[0.8, 9.1093837000000001e-31, 9.1093837000000001e-31, 1.0, 1.0, 4,1000,False, 1000, 2, 1, 1.20135506009314408433284575556e-15]
[0.8, 9.1093837000000001e-31, 9.1093837000000001e-31, 1.0, 1.0, 4,1000,False, 1000, 2, 1, 1.21897978413218769071338555673e-15]
[0.8, 9.1093837000000001e-31, 9.1093837000000001e-31, 1.0, 1.0, 4,1000,False, 1000, 2, 1, 1.2268665349272187538521609242e-15]
[0.8, 9.1093837000000001e-31, 9.1093837000000001e-31, 1.0, 1.0, 4,1000,False, 1000, 2, 1, 1.4465861759577982343785377931e-15]
[0.8, 9.1093837000000001e-31, 9.1093837000000001e-31, 1.0, 1.0, 4,1000,False, 1000, 2, 1, 1.46875823129568504774298178031e-15]
[0.8, 9.1093837000000001e-31, 9.1093837000000001e-31, 1.0, 1.0, 4,1000,False, 1000, 2, 1, 1.31480891405903005468313807326e-15]
[0.8, 9.1093837000000001e-31, 9.1093837000000001e-31, 1.0, 1.0, 4,1000,False, 1000, 2, 1, 1.29603574555614951027927942492e-15]
[0.8, 9.1093837000000001e-31, 9.1093837000000001e-31, 1.0, 1.0, 4,1000,False, 1000, 2, 1, 1.22025657461445733376779289168e-15]
[0.8, 9.1093837000000001e-31, 9.1093837000000001e-31, 1.0, 1.0, 4,1000,False, 1000, 2, 1, 1.20825793692811874867930326228e-15]
[0.8, 9.1093837000000001e-31, 9.1093837000000001e-31, 1.0, 1.0, 4,1000,False, 1000, 2, 1, 1.33110980017200192178330403212e-15]
[0.8, 9.1093837000000001e-31, 9.1093837000000001e-31, 1.0, 1.0, 4,1000,False, 1000, 2, 1, 1.39629169233591953862135297905e-15]
[0.8, 9.1093837000000001e-31, 9.1093837000000001e-31, 1.0, 1.0, 4,1000,False, 1000, 2, 1, 1.50182159408212901504776307816e-15]
[0.8, 9.1093837000000001e-31, 9.1093837000000001e-31, 1.0, 1.0, 4,1000,False, 1000, 2, 1, 1.39245521869651911790502055163e-15]
[0.8, 9.1093837000000001e-31, 9.1093837000000001e-31, 1.0, 1.0, 4,1000,False, 1000, 2, 1, 1.16497759205402764608382287395e-15]
[0.8, 9.1093837000000001e-31, 9.1093837000000001e-31, 1.0, 1.0, 4,1000,False, 1000, 2, 1, 1.37860917493401435374758436368e-15]
[0.8, 9.1093837000000001e-31, 9.1093837000000001e-31, 1.0, 1.0, 4,1000,False, 1000, 2, 1, 1.12834425161717368879807187422e-15]
[0.8, 9.1093837000000001e-31, 9.1093837000000001e-31, 1.0, 1.0, 4,1000,False, 1000, 2, 1, 1.30146663990565060052011370049e-15]
[0.8, 9.1093837000000001e-31, 9.1093837000000001e-31, 1.0, 1.0, 4,1000,False, 1000, 2, 1, 1.33353119911325131534266902977e-15]
[0.8, 9.1093837000000001e-31, 9.1093837000000001e-31, 1.0, 1.0, 4,1000,False, 1000, 2, 1, 1.12989920913666672759042136908e-15]
[0.8, 9.1093837000000001e-31, 9.1093837000000001e-31, 1.0, 1.0, 4,1000,False, 1000, 2, 1, 1.32130948468838892240451153369e-15]
[0.8, 9.1093837000000001e-31, 9.1093837000000001e-31, 1.0, 1.0, 4,1000,False, 1000, 2, 1, 1.32814298265645276230930709068e-15]
[0.8, 9.1093837000000001e-31, 9.1093837000000001e-31, 1.0, 1.0, 4,1000,False, 1000, 2, 1, 1.19163605493613883383328206925e-15]
[0.8, 9.1093837000000001e-31, 9.1093837000000001e-31, 1.0, 1.0, 4,1000,False, 1000, 2, 1, 1.41170899277818283734129538613e-15]
[0.8, 9.1093837000000001e-31, 9.1093837000000001e-31, 1.0, 1.0, 4,1000,False, 1000, 2, 1, 1.15214690576355078142731342968e-15]
[0.8, 9.1093837000000001e-31, 9.1093837000000001e-31, 1.0, 1.0, 4,1000,False, 1000, 2, 1, 1.29552087055913551625985363792e-15]
[0.8, 9.1093837000000001e-31, 9.1093837000000001e-31, 1.0, 1.0, 4,1000,False, 1000, 2, 1, 1.24448960168372049631410675992e-15]
[0.8, 9.1093837000000001e-31, 9.1093837000000001e-31, 1.0, 1.0, 4,1000,False, 1000, 2, 1, 1.30145492137009951215607293834e-15]
[0.8, 9.1093837000000001e-31, 9.1093837000000001e-31, 1.0, 1.0, 4,1000,False, 1000, 2, 1, 1.29886998409034107596881661301e-15]
[0.8, 9.1093837000000001e-31, 9.1093837000000001e-31, 1.0, 1.0, 4,1000,False, 1000, 2, 1, 1.360670401514731894018420346e-15]
[0.8, 9.1093837000000001e-31, 9.1093837000000001e-31, 1.0, 1.0, 4,1000,False, 1000, 2, 1, 1.39306306948847930363671566065e-15]
[0.8, 9.1093837000000001e-31, 9.1093837000000001e-31, 1.0, 1.0, 4,1000,False, 1000, 2, 1, 1.35717998575183666293028232728e-15]
[0.8, 9.1093837000000001e-31, 9.1093837000000001e-31, 1.0, 1.0, 4,1000,False, 1000, 2, 1, 1.21805566094482217382605338327e-15]
[0.8, 9.1093837000000001e-31, 9.1093837000000001e-31, 1.0, 1.0, 4,1000,False, 1000, 2, 1, 1.32934050916682698850670168928e-15]
[0.8, 9.1093837000000001e-31, 9.1093837000000001e-31, 1.0, 1.0, 4,1000,False, 1000, 2, 1, 1.25135053635452361340742236202e-15]
[0.8, 9.1093837000000001e-31, 9.1093837000000001e-31, 1.0, 1.0, 4,1000,False, 1000, 2, 1, 1.27745212056470070848346255385e-15]
[0.8, 9.1093837000000001e-31, 9.1093837000000001e-31, 1.0, 1.0, 4,1000,False, 1000, 2, 1, 1.23047899583398891242569009766e-15]
[0.8, 9.1093837000000001e-31, 9.1093837000000001e-31, 1.0, 1.0, 4,1000,False, 1000, 2, 1, 1.37713179773083222229127085613e-15]
[0.8, 9.1093837000000001e-31, 9.1093837000000001e-31, 1.0, 1.0, 4,1000,False, 1000, 2, 1, 1.37028833994977291667446175658e-15]
[0.8, 9.1093837000000001e-31, 9.1093837000000001e-31, 1.0, 1.0, 4,1000,False, 1000, 2, 1, 1.33015526309194737770222872106e-15]
[0.8, 9.1093837000000001e-31, 9.1093837000000001e-31, 1.0, 1.0, 4,1000,False, 1000, 2, 1, 1.28744351444176560011500786827e-15]
[0.8, 9.1093837000000001e-31, 9.1093837000000001e-31, 1.0, 1.0, 4,1000,False, 1000, 2, 1, 1.30947392596471196520408977286e-15]
[0.8, 9.1093837000000001e-31, 9.1093837000000001e-31, 1.0, 1.0, 4,1000,False, 1000, 2, 1, 1.27995255678114605642089386579e-15]
[0.8, 9.1093837000000001e-31, 9.1093837000000001e-31, 1.0, 1.0, 4,1000,False, 1000, 2, 1, 1.28496483906681419100663174098e-15]
[0.8, 9.1093837000000001e-31, 9.1093837000000001e-31, 1.0, 1.0, 4,1000,False, 1000, 2, 1, 1.28046880080995577982324855604e-15]
[0.8, 9.1093837000000001e-31, 9.1093837000000001e-31, 1.0, 1.0, 4,1000,False, 1000, 2, 1, 1.27221062796777114382132450403e-15]
[0.8, 9.1093837000000001e-31, 9.1093837000000001e-31, 1.0, 1.0, 4,1000,False, 1000, 2, 1, 1.14259901438142032521668208338e-15]
[0.8, 9.1093837000000001e-31, 9.1093837000000001e-31, 1.0, 1.0, 4,1000,False, 1000, 2, 1, 1.19512962274377328223768086426e-15]
[0.8, 9.1093837000000001e-31, 9.1093837000000001e-31, 1.0, 1.0, 4,1000,False, 1000, 2, 1, 1.22585811542891610811052759023e-15]
[0.8, 9.1093837000000001e-31, 9.1093837000000001e-31, 1.0, 1.0, 4,1000,False, 1000, 2, 1, 1.46674830229943981862225973724e-15]
[0.8, 9.1093837000000001e-31, 9.1093837000000001e-31, 1.0, 1.0, 4,1000,False, 1000, 2, 1, 1.28132483876479852152160109032e-15]
[0.8, 9.1093837000000001e-31, 9.1093837000000001e-31, 1.0, 1.0, 4,1000,False, 1000, 2, 1, 1.2389520712164685760609721061e-15]
[0.8, 9.1093837000000001e-31, 9.1093837000000001e-31, 1.0, 1.0, 4,1000,False, 1000, 2, 1, 1.36756851483475450830392626013e-15]
[0.8, 9.1093837000000001e-31, 9.1093837000000001e-31, 1.0, 1.0, 4,1000,False, 1000, 2, 1, 1.22050379145274041692527242176e-15]
[0.8, 9.1093837000000001e-31, 9.1093837000000001e-31, 1.0, 1.0, 4,1000,False, 1000, 2, 1, 1.36705329423943929318325112235e-15]
[0.8, 9.1093837000000001e-31, 9.1093837000000001e-31, 1.0, 1.0, 4,1000,False, 1000, 2, 1, 1.3894295903870012351086349941e-15]
[0.8, 9.1093837000000001e-31, 9.1093837000000001e-31, 1.0, 1.0, 4,1000,False, 1000, 2, 1, 1.32397669451036272765419545393e-15]
[0.8, 9.1093837000000001e-31, 9.1093837000000001e-31, 1.0, 1.0, 4,1000,False, 1000, 2, 1, 1.16002278490234096431588634191e-15]
[0.8, 9.1093837000000001e-31, 9.1093837000000001e-31, 1.0, 1.0, 4,1000,False, 1000, 2, 1, 1.23829854472725601800421426387e-15]
[0.8, 9.1093837000000001e-31, 9.1093837000000001e-31, 1.0, 1.0, 4,1000,False, 1000, 2, 1, 1.37494238095595071646256548058e-15]
[0.8, 9.1093837000000001e-31, 9.1093837000000001e-31, 1.0, 1.0, 4,1000,False, 1000, 2, 1, 1.26765783610001172463542608696e-15]
[0.8, 9.1093837000000001e-31, 9.1093837000000001e-31, 1.0, 1.0, 4,1000,False, 1000, 2, 1, 1.36537646440078154603987619171e-15]
[0.8, 9.1093837000000001e-31, 9.1093837000000001e-31, 1.0, 1.0, 4,1000,False, 1000, 2, 1, 1.49122583033000885011935025329e-15]
[0.8, 9.1093837000000001e-31, 9.1093837000000001e-31, 1.0, 1.0, 4,1000,False, 1000, 2, 1, 1.1918831735831720086414494163e-15]
[0.8, 9.1093837000000001e-31, 9.1093837000000001e-31, 1.0, 1.0, 4,1000,False, 1000, 2, 1, 1.25504182871783078828916920109e-15]
[0.8, 9.1093837000000001e-31, 9.1093837000000001e-31, 1.0, 1.0, 4,1000,False, 1000, 2, 1, 1.32185254515363220722573247945e-15]
[0.8, 9.1093837000000001e-31, 9.1093837000000001e-31, 1.0, 1.0, 4,1000,False, 1000, 2, 1, 1.08175268081210997419306193021e-15]
[0.8, 9.1093837000000001e-31, 9.1093837000000001e-31, 1.0, 1.0, 4,1000,False, 1000, 2, 1, 1.02736702609014397476627098068e-15]
[0.8, 9.1093837000000001e-31, 9.1093837000000001e-31, 1.0, 1.0, 4,1000,False, 1000, 2, 1, 1.2478103557922134689867488912e-15]
[0.8, 9.1093837000000001e-31, 9.1093837000000001e-31, 1.0, 1.0, 4,1000,False, 1000, 2, 1, 1.2069782467640942247102098458e-15]
[0.8, 9.1093837000000001e-31, 9.1093837000000001e-31, 1.0, 1.0, 4,1000,False, 1000, 2, 1, 1.29077627236360624479647725074e-15]
[0.8, 9.1093837000000001e-31, 9.1093837000000001e-31, 1.0, 1.0, 4,1000,False, 1000, 2, 1, 1.18227712778623959776770154817e-15]
[0.8, 9.1093837000000001e-31, 9.1093837000000001e-31, 1.0, 1.0, 4,1000,False, 1000, 2, 1, 1.30348470264008310141349118911e-15]
[0.8, 9.1093837000000001e-31, 9.1093837000000001e-31, 1.0, 1.0, 4,1000,False, 1000, 2, 1, 1.08241192492312376095823999803e-15]
[0.8, 9.1093837000000001e-31, 9.1093837000000001e-31, 1.0, 1.0, 4,1000,False, 1000, 2, 1, 1.08409220826750483321136934139e-15]
[0.8, 9.1093837000000001e-31, 9.1093837000000001e-31, 1.0, 1.0, 4,1000,False, 1000, 2, 1, 1.28598660191744048526492126702e-15]
[0.8, 9.1093837000000001e-31, 9.1093837000000001e-31, 1.0, 1.0, 4,1000,False, 1000, 2, 1, 1.32578239619783192900011891292e-15]
[0.8, 9.1093837000000001e-31, 9.1093837000000001e-31, 1.0, 1.0, 4,1000,False, 1000, 2, 1, 1.42345276112239650954802861014e-15]
[0.8, 9.1093837000000001e-31, 9.1093837000000001e-31, 1.0, 1.0, 4,1000,False, 1000, 2, 1, 1.21450791672811685732256946862e-15]
[0.8, 9.1093837000000001e-31, 9.1093837000000001e-31, 1.0, 1.0, 4,1000,False, 1000, 2, 1, 1.14408721929056561169229913923e-15]
[0.8, 9.1093837000000001e-31, 9.1093837000000001e-31, 1.0, 1.0, 4,1000,False, 1000, 2, 1, 1.23770715800638486022490022192e-15]
[0.8, 9.1093837000000001e-31, 9.1093837000000001e-31, 1.0, 1.0, 4,1000,False, 1000, 2, 1, 1.35409669453391731585790281312e-15]
[0.8, 9.1093837000000001e-31, 9.1093837000000001e-31, 1.0, 1.0, 4,1000,False, 1000, 2, 1, 1.27238627981094410204902991945e-15]
[0.8, 9.1093837000000001e-31, 9.1093837000000001e-31, 1.0, 1.0, 4,1000,False, 1000, 2, 1, 1.14816869238198298812819021088e-15]
[0.8, 9.1093837000000001e-31, 9.1093837000000001e-31, 1.0, 1.0, 4,1000,False, 1000, 2, 1, 1.19886857796096039202231420998e-15]
[0.8, 9.1093837000000001e-31, 9.1093837000000001e-31, 1.0, 1.0, 4,1000,False, 1000, 2, 1, 1.40534350074804913803373835758e-15]
[0.8, 9.1093837000000001e-31, 9.1093837000000001e-31, 1.0, 1.0, 4,1000,False, 1000, 2, 1, 1.17855577386247621019815663794e-15]
[0.8, 9.1093837000000001e-31, 9.1093837000000001e-31, 1.0, 1.0, 4,1000,False, 1000, 2, 1, 1.3101193152122850682089163747e-15]
[0.8, 9.1093837000000001e-31, 9.1093837000000001e-31, 1.0, 1.0, 4,1000,False, 1000, 2, 1, 1.30502318593441337666474361296e-15]
[0.8, 9.1093837000000001e-31, 9.1093837000000001e-31, 1.0, 1.0, 4,1000,False, 1000, 2, 1, 1.17598693401462475825300397416e-15]
[0.8, 9.1093837000000001e-31, 9.1093837000000001e-31, 1.0, 1.0, 4,1000,False, 1000, 2, 1, 1.36248676265359780297910301356e-15]
[0.8, 9.1093837000000001e-31, 9.1093837000000001e-31, 1.0, 1.0, 4,1000,False, 1000, 2, 1, 1.21434965789332611955850617952e-15]
[0.8, 9.1093837000000001e-31, 9.1093837000000001e-31, 1.0, 1.0, 4,1000,False, 1000, 2, 1, 1.20396297503726569870750085762e-15]
[0.8, 9.1093837000000001e-31, 9.1093837000000001e-31, 1.0, 1.0, 4,1000,False, 1000, 2, 1, 1.28955714187601154652004046512e-15]
[0.8, 9.1093837000000001e-31, 9.1093837000000001e-31, 1.0, 1.0, 4,1000,False, 1000, 2, 1, 1.2727126150335035577508564945e-15]
[0.8, 9.1093837000000001e-31, 9.1093837000000001e-31, 1.0, 1.0, 4,1000,False, 1000, 2, 1, 1.06366706602000732784711461206e-15]
[0.8, 9.1093837000000001e-31, 9.1093837000000001e-31, 1.0, 1.0, 4,1000,False, 1000, 2, 1, 1.26853396567359252636668190159e-15]
[0.8, 9.1093837000000001e-31, 9.1093837000000001e-31, 1.0, 1.0, 4,1000,False, 1000, 2, 1, 1.19706042571991333771195723062e-15]
[0.8, 9.1093837000000001e-31, 9.1093837000000001e-31, 1.0, 1.0, 4,1000,False, 1000, 2, 1, 1.35190834260993532444776159043e-15]
[0.8, 9.1093837000000001e-31, 9.1093837000000001e-31, 1.0, 1.0, 4,1000,False, 1000, 2, 1, 1.35724314900459837412477169663e-15]
[0.8, 9.1093837000000001e-31, 9.1093837000000001e-31, 1.0, 1.0, 4,1000,False, 1000, 2, 1, 1.24212505194515001837925070572e-15]
[0.8, 9.1093837000000001e-31, 9.1093837000000001e-31, 1.0, 1.0, 4,1000,False, 1000, 2, 1, 1.14677974794520544902344281439e-15]
[0.8, 9.1093837000000001e-31, 9.1093837000000001e-31, 1.0, 1.0, 4,1000,False, 1000, 2, 1, 1.39854657513421725940013774518e-15]
[0.8, 9.1093837000000001e-31, 9.1093837000000001e-31, 1.0, 1.0, 4,1000,False, 1000, 2, 1, 1.24832625695496670067407458621e-15]
[0.8, 9.1093837000000001e-31, 9.1093837000000001e-31, 1.0, 1.0, 4,1000,False, 1000, 2, 1, 1.27869155355000313327195412921e-15]
[0.8, 9.1093837000000001e-31, 9.1093837000000001e-31, 1.0, 1.0, 4,1000,False, 1000, 2, 1, 1.44317292527253679206338837291e-15]
[0.8, 9.1093837000000001e-31, 9.1093837000000001e-31, 1.0, 1.0, 4,1000,False, 1000, 2, 1, 1.26251602614247354685315568622e-15]
[0.8, 9.1093837000000001e-31, 9.1093837000000001e-31, 1.0, 1.0, 4,1000,False, 1000, 2, 1, 1.31638487399900486657910509754e-15]
[0.8, 9.1093837000000001e-31, 9.1093837000000001e-31, 1.0, 1.0, 4,1000,False, 1000, 2, 1, 1.1953922302777740467753535823e-15]
[0.8, 9.1093837000000001e-31, 9.1093837000000001e-31, 1.0, 1.0, 4,1000,False, 1000, 2, 1, 1.30778780618983080095801107457e-15]
[0.8, 9.1093837000000001e-31, 9.1093837000000001e-31, 1.0, 1.0, 4,1000,False, 1000, 2, 1, 1.17387546482806763831167364476e-15]
[0.8, 9.1093837000000001e-31, 9.1093837000000001e-31, 1.0, 1.0, 4,1000,False, 1000, 2, 1, 1.24120250894897935125523680128e-15]
[0.8, 9.1093837000000001e-31, 9.1093837000000001e-31, 1.0, 1.0, 4,1000,False, 1000, 2, 1, 1.15256928894690226341750013087e-15]
[0.8, 9.1093837000000001e-31, 9.1093837000000001e-31, 1.0, 1.0, 4,1000,False, 1000, 2, 1, 1.38681066095072100425135525847e-15]
[0.8, 9.1093837000000001e-31, 9.1093837000000001e-31, 1.0, 1.0, 4,1000,False, 1000, 2, 1, 1.37783936890597817624968053615e-15]
[0.8, 9.1093837000000001e-31, 9.1093837000000001e-31, 1.0, 1.0, 4,1000,False, 1000, 2, 1, 1.23595732982414488068902627166e-15]
[0.8, 9.1093837000000001e-31, 9.1093837000000001e-31, 1.0, 1.0, 4,1000,False, 1000, 2, 1, 1.3253995825996106289068898685e-15]
[0.8, 9.1093837000000001e-31, 9.1093837000000001e-31, 1.0, 1.0, 4,1000,False, 1000, 2, 1, 1.18695437482793713059820411084e-15]
[0.8, 9.1093837000000001e-31, 9.1093837000000001e-31, 1.0, 1.0, 4,1000,False, 1000, 2, 1, 1.12137368346110271294372653444e-15]
[0.8, 9.1093837000000001e-31, 9.1093837000000001e-31, 1.0, 1.0, 4,1000,False, 1000, 2, 1, 1.37491152621656741386345092634e-15]
[0.8, 9.1093837000000001e-31, 9.1093837000000001e-31, 1.0, 1.0, 4,1000,False, 1000, 2, 1, 1.35940933501315259899006720447e-15]
[0.8, 9.1093837000000001e-31, 9.1093837000000001e-31, 1.0, 1.0, 4,1000,False, 1000, 2, 1, 1.24847774647528706432750283151e-15]
[0.8, 9.1093837000000001e-31, 9.1093837000000001e-31, 1.0, 1.0, 4,1000,False, 1000, 2, 1, 1.32046762067212223284978340886e-15]
[0.8, 9.1093837000000001e-31, 9.1093837000000001e-31, 1.0, 1.0, 4,1000,False, 1000, 2, 1, 1.24158368960702452329039871325e-15]
[0.8, 9.1093837000000001e-31, 9.1093837000000001e-31, 1.0, 1.0, 4,1000,False, 1000, 2, 1, 1.25962245112712145213474115302e-15]
[0.8, 9.1093837000000001e-31, 9.1093837000000001e-31, 1.0, 1.0, 4,1000,False, 1000, 2, 1, 1.42944120202009877455325792216e-15]
[0.8, 9.1093837000000001e-31, 9.1093837000000001e-31, 1.0, 1.0, 4,1000,False, 1000, 2, 1, 1.47402248401173029856592190347e-15]
[0.8, 9.1093837000000001e-31, 9.1093837000000001e-31, 1.0, 1.0, 4,1000,False, 1000, 2, 1, 1.21932240304703562153075430051e-15]
[0.8, 9.1093837000000001e-31, 9.1093837000000001e-31, 1.0, 1.0, 4,1000,False, 1000, 2, 1, 1.20290669548678882052414575076e-15]
[0.8, 9.1093837000000001e-31, 9.1093837000000001e-31, 1.0, 1.0, 4,1000,False, 1000, 2, 1, 1.33903990975727288753417535456e-15]
[0.8, 9.1093837000000001e-31, 9.1093837000000001e-31, 1.0, 1.0, 4,1000,False, 1000, 2, 1, 1.37318507616521702523127075432e-15]
[0.8, 9.1093837000000001e-31, 9.1093837000000001e-31, 1.0, 1.0, 4,1000,False, 1000, 2, 1, 1.259936493478286728783147171e-15]
[0.8, 9.1093837000000001e-31, 9.1093837000000001e-31, 1.0, 1.0, 4,1000,False, 1000, 2, 1, 1.39127444203426690570987222161e-15]
[0.8, 9.1093837000000001e-31, 9.1093837000000001e-31, 1.0, 1.0, 4,1000,False, 1000, 2, 1, 1.26207157500546447392682017685e-15]
[0.8, 9.1093837000000001e-31, 9.1093837000000001e-31, 1.0, 1.0, 4,1000,False, 1000, 2, 1, 1.26990625705819389641359345163e-15]
[0.8, 9.1093837000000001e-31, 9.1093837000000001e-31, 1.0, 1.0, 4,1000,False, 1000, 2, 1, 1.2606945581069957136076433979e-15]
[0.8, 9.1093837000000001e-31, 9.1093837000000001e-31, 1.0, 1.0, 4,1000,False, 1000, 2, 1, 1.42018622780059062584231943376e-15]
[0.8, 9.1093837000000001e-31, 9.1093837000000001e-31, 1.0, 1.0, 4,1000,False, 1000, 2, 1, 1.17435427733145817891637606811e-15]
[0.8, 9.1093837000000001e-31, 9.1093837000000001e-31, 1.0, 1.0, 4,1000,False, 1000, 2, 1, 1.34725211034988982761038611032e-15]
[0.8, 9.1093837000000001e-31, 9.1093837000000001e-31, 1.0, 1.0, 4,1000,False, 1000, 2, 1, 1.3183745743711315573713098697e-15]
[0.8, 9.1093837000000001e-31, 9.1093837000000001e-31, 1.0, 1.0, 4,1000,False, 1000, 2, 1, 1.2992798007864410898109429525e-15]
[0.8, 9.1093837000000001e-31, 9.1093837000000001e-31, 1.0, 1.0, 4,1000,False, 1000, 2, 1, 1.52860639375753715122067421898e-15]
[0.8, 9.1093837000000001e-31, 9.1093837000000001e-31, 1.0, 1.0, 4,1000,False, 1000, 2, 1, 1.31123344806345284828399544563e-15]
[0.8, 9.1093837000000001e-31, 9.1093837000000001e-31, 1.0, 1.0, 4,1000,False, 1000, 2, 1, 1.30115386789533095975905560827e-15]
[0.8, 9.1093837000000001e-31, 9.1093837000000001e-31, 1.0, 1.0, 4,1000,False, 1000, 2, 1, 1.26120113495605930645477612768e-15]
[0.8, 9.1093837000000001e-31, 9.1093837000000001e-31, 1.0, 1.0, 4,1000,False, 1000, 2, 1, 1.27710915561780831086856571113e-15]
[0.8, 9.1093837000000001e-31, 9.1093837000000001e-31, 1.0, 1.0, 4,1000,False, 1000, 2, 1, 1.36095564328979991281432310723e-15]
[0.8, 9.1093837000000001e-31, 9.1093837000000001e-31, 1.0, 1.0, 4,1000,False, 1000, 2, 1, 1.41381969457191446660993592332e-15]
[0.8, 9.1093837000000001e-31, 9.1093837000000001e-31, 1.0, 1.0, 4,1000,False, 1000, 2, 1, 1.07574099365879710888829059987e-15]
[0.8, 9.1093837000000001e-31, 9.1093837000000001e-31, 1.0, 1.0, 4,1000,False, 1000, 2, 1, 1.33429192780170941620769389694e-15]
[0.8, 9.1093837000000001e-31, 9.1093837000000001e-31, 1.0, 1.0, 4,1000,False, 1000, 2, 1, 1.35124430197590886403009763513e-15]
[0.8, 9.1093837000000001e-31, 9.1093837000000001e-31, 1.0, 1.0, 4,1000,False, 1000, 2, 1, 1.32278558719471343732238168709e-15]
[0.8, 9.1093837000000001e-31, 9.1093837000000001e-31, 1.0, 1.0, 4,1000,False, 1000, 2, 1, 1.45026759788161239647853311986e-15]
[0.8, 9.1093837000000001e-31, 9.1093837000000001e-31, 1.0, 1.0, 4,1000,False, 1000, 2, 1, 1.32605694519165309848851491856e-15]
[0.8, 9.1093837000000001e-31, 9.1093837000000001e-31, 1.0, 1.0, 4,1000,False, 1000, 2, 1, 1.14399646729106898929668862123e-15]
[0.8, 9.1093837000000001e-31, 9.1093837000000001e-31, 1.0, 1.0, 4,1000,False, 1000, 2, 1, 1.31510988090947858571113395025e-15]
[0.8, 9.1093837000000001e-31, 9.1093837000000001e-31, 1.0, 1.0, 4,1000,False, 1000, 2, 1, 1.31158780171653081931770755802e-15]
[0.8, 9.1093837000000001e-31, 9.1093837000000001e-31, 1.0, 1.0, 4,1000,False, 1000, 2, 1, 1.33720106978197489526455836247e-15]
[0.8, 9.1093837000000001e-31, 9.1093837000000001e-31, 1.0, 1.0, 4,1000,False, 1000, 2, 1, 1.43975199320473432061290211283e-15]
[0.8, 9.1093837000000001e-31, 9.1093837000000001e-31, 1.0, 1.0, 4,1000,False, 1000, 2, 1, 1.1047224834531880100250742081e-15]
[0.8, 9.1093837000000001e-31, 9.1093837000000001e-31, 1.0, 1.0, 4,1000,False, 1000, 2, 1, 1.14232610131276879403755120646e-15]
[0.8, 9.1093837000000001e-31, 9.1093837000000001e-31, 1.0, 1.0, 4,1000,False, 1000, 2, 1, 1.0906801485091292618377035967e-15]
[0.8, 9.1093837000000001e-31, 9.1093837000000001e-31, 1.0, 1.0, 4,1000,False, 1000, 2, 1, 1.18707996593594106404980674016e-15]
[0.8, 9.1093837000000001e-31, 9.1093837000000001e-31, 1.0, 1.0, 4,1000,False, 1000, 2, 1, 1.2009817383799276232459810385e-15]
[0.8, 9.1093837000000001e-31, 9.1093837000000001e-31, 1.0, 1.0, 4,1000,False, 1000, 2, 1, 1.31475996323095584010320178154e-15]
[0.8, 9.1093837000000001e-31, 9.1093837000000001e-31, 1.0, 1.0, 4,1000,False, 1000, 2, 1, 1.45081883098802870051942688352e-15]
[0.8, 9.1093837000000001e-31, 9.1093837000000001e-31, 1.0, 1.0, 4,1000,False, 1000, 2, 1, 1.36174804892867103734247784287e-15]
[0.8, 9.1093837000000001e-31, 9.1093837000000001e-31, 1.0, 1.0, 4,1000,False, 1000, 2, 1, 1.22967981704706539948190353711e-15]
[0.8, 9.1093837000000001e-31, 9.1093837000000001e-31, 1.0, 1.0, 4,1000,False, 1000, 2, 1, 1.21637246025019099974743093781e-15]
[0.8, 9.1093837000000001e-31, 9.1093837000000001e-31, 1.0, 1.0, 4,1000,False, 1000, 2, 1, 1.35305543749114614814039780657e-15]
[0.8, 9.1093837000000001e-31, 9.1093837000000001e-31, 1.0, 1.0, 4,1000,False, 1000, 2, 1, 1.26454498640358079582216459491e-15]
[0.8, 9.1093837000000001e-31, 9.1093837000000001e-31, 1.0, 1.0, 4,1000,False, 1000, 2, 1, 1.4178695959020422050939104825e-15]
[0.8, 9.1093837000000001e-31, 9.1093837000000001e-31, 1.0, 1.0, 4,1000,False, 1000, 2, 1, 1.24364329968063140656820351369e-15]
[0.8, 9.1093837000000001e-31, 9.1093837000000001e-31, 1.0, 1.0, 4,1000,False, 1000, 2, 1, 1.21178858846890495323233948274e-15]
[0.8, 9.1093837000000001e-31, 9.1093837000000001e-31, 1.0, 1.0, 4,1000,False, 1000, 2, 1, 1.31393085453196310292397384964e-15]
[0.8, 9.1093837000000001e-31, 9.1093837000000001e-31, 1.0, 1.0, 4,1000,False, 1000, 2, 1, 1.21081231367572930629170189482e-15]
[0.8, 9.1093837000000001e-31, 9.1093837000000001e-31, 1.0, 1.0, 4,1000,False, 1000, 2, 1, 1.17774687364352751793960290049e-15]
[0.8, 9.1093837000000001e-31, 9.1093837000000001e-31, 1.0, 1.0, 4,1000,False, 1000, 2, 1, 1.26010354099517495984446534387e-15]
[0.8, 9.1093837000000001e-31, 9.1093837000000001e-31, 1.0, 1.0, 4,1000,False, 1000, 2, 1, 1.32785435288745887264979173624e-15]
[0.8, 9.1093837000000001e-31, 9.1093837000000001e-31, 1.0, 1.0, 4,1000,False, 1000, 2, 1, 1.51427253617004149267061619425e-15]
[0.8, 9.1093837000000001e-31, 9.1093837000000001e-31, 1.0, 1.0, 4,1000,False, 1000, 2, 1, 1.20086305223072356882664388543e-15]
[0.8, 9.1093837000000001e-31, 9.1093837000000001e-31, 1.0, 1.0, 4,1000,False, 1000, 2, 1, 1.33735718797070648193868786122e-15]
[0.8, 9.1093837000000001e-31, 9.1093837000000001e-31, 1.0, 1.0, 4,1000,False, 1000, 2, 1, 1.21614463680932025357945072795e-15]
[0.8, 9.1093837000000001e-31, 9.1093837000000001e-31, 1.0, 1.0, 4,1000,False, 1000, 2, 1, 1.18579045628035738398087644911e-15]
[0.8, 9.1093837000000001e-31, 9.1093837000000001e-31, 1.0, 1.0, 4,1000,False, 1000, 2, 1, 1.2738580997372339429324061055e-15]
[0.8, 9.1093837000000001e-31, 9.1093837000000001e-31, 1.0, 1.0, 4,1000,False, 1000, 2, 1, 1.04361019565413114875359975005e-15]
[0.8, 9.1093837000000001e-31, 9.1093837000000001e-31, 1.0, 1.0, 4,1000,False, 1000, 2, 1, 1.39410343565370341671977555275e-15]
[0.8, 9.1093837000000001e-31, 9.1093837000000001e-31, 1.0, 1.0, 4,1000,False, 1000, 2, 1, 1.33307024275027792347287814373e-15]
[0.8, 9.1093837000000001e-31, 9.1093837000000001e-31, 1.0, 1.0, 4,1000,False, 1000, 2, 1, 1.28673525071110181129704933579e-15]
[0.8, 9.1093837000000001e-31, 9.1093837000000001e-31, 1.0, 1.0, 4,1000,False, 1000, 2, 1, 1.47040906376466763850620202943e-15]
[0.8, 9.1093837000000001e-31, 9.1093837000000001e-31, 1.0, 1.0, 4,1000,False, 1000, 2, 1, 1.31994147831498048505781454562e-15]
[0.8, 9.1093837000000001e-31, 9.1093837000000001e-31, 1.0, 1.0, 4,1000,False, 1000, 2, 1, 1.36414077375903432976515453488e-15]
[0.8, 9.1093837000000001e-31, 9.1093837000000001e-31, 1.0, 1.0, 4,1000,False, 1000, 2, 1, 1.21125666642759189528960683043e-15]
[0.8, 9.1093837000000001e-31, 9.1093837000000001e-31, 1.0, 1.0, 4,1000,False, 1000, 2, 1, 1.35095504209160299966041976389e-15]
[0.8, 9.1093837000000001e-31, 9.1093837000000001e-31, 1.0, 1.0, 4,1000,False, 1000, 2, 1, 1.18672187103896857852415920146e-15]
[0.8, 9.1093837000000001e-31, 9.1093837000000001e-31, 1.0, 1.0, 4,1000,False, 1000, 2, 1, 1.23122638767448842296574102562e-15]
[0.8, 9.1093837000000001e-31, 9.1093837000000001e-31, 1.0, 1.0, 4,1000,False, 1000, 2, 1, 1.1706667410328082764085777399e-15]
[0.8, 9.1093837000000001e-31, 9.1093837000000001e-31, 1.0, 1.0, 4,1000,False, 1000, 2, 1, 1.29826972966249275692116254956e-15]
[0.8, 9.1093837000000001e-31, 9.1093837000000001e-31, 1.0, 1.0, 4,1000,False, 1000, 2, 1, 1.45623553284028183108516053233e-15]
[0.8, 9.1093837000000001e-31, 9.1093837000000001e-31, 1.0, 1.0, 4,1000,False, 1000, 2, 1, 1.24610812097918276282202257753e-15]
[0.8, 9.1093837000000001e-31, 9.1093837000000001e-31, 1.0, 1.0, 4,1000,False, 1000, 2, 1, 1.15481417094672082623498521189e-15]
[0.8, 9.1093837000000001e-31, 9.1093837000000001e-31, 1.0, 1.0, 4,1000,False, 1000, 2, 1, 1.21330903263422487505119813999e-15]
[0.8, 9.1093837000000001e-31, 9.1093837000000001e-31, 1.0, 1.0, 4,1000,False, 1000, 2, 1, 1.27450902306931501522797283129e-15]
[0.8, 9.1093837000000001e-31, 9.1093837000000001e-31, 1.0, 1.0, 4,1000,False, 1000, 2, 1, 1.49809957807311540545823355156e-15]
[0.8, 9.1093837000000001e-31, 9.1093837000000001e-31, 1.0, 1.0, 4,1000,False, 1000, 2, 1, 1.20465294190666774656350417442e-15]
[0.8, 9.1093837000000001e-31, 9.1093837000000001e-31, 1.0, 1.0, 4,1000,False, 1000, 2, 1, 1.23835124923685903089115401517e-15]
[0.8, 9.1093837000000001e-31, 9.1093837000000001e-31, 1.0, 1.0, 4,1000,False, 1000, 2, 1, 1.17707195301257750889485753895e-15]
[0.8, 9.1093837000000001e-31, 9.1093837000000001e-31, 1.0, 1.0, 4,1000,False, 1000, 2, 1, 1.35336977743232918217910638053e-15]
[0.8, 9.1093837000000001e-31, 9.1093837000000001e-31, 1.0, 1.0, 4,1000,False, 1000, 2, 1, 1.14057029748315478870112018393e-15]
[0.8, 9.1093837000000001e-31, 9.1093837000000001e-31, 1.0, 1.0, 4,1000,False, 1000, 2, 1, 1.22603621701990421100911919174e-15]
[0.8, 9.1093837000000001e-31, 9.1093837000000001e-31, 1.0, 1.0, 4,1000,False, 1000, 2, 1, 1.34564505016177314983017573664e-15]
[0.8, 9.1093837000000001e-31, 9.1093837000000001e-31, 1.0, 1.0, 4,1000,False, 1000, 2, 1, 1.18906095699625010084131347938e-15]
[0.8, 9.1093837000000001e-31, 9.1093837000000001e-31, 1.0, 1.0, 4,1000,False, 1000, 2, 1, 1.24813128183088879040078230971e-15]
[0.8, 9.1093837000000001e-31, 9.1093837000000001e-31, 1.0, 1.0, 4,1000,False, 1000, 2, 1, 1.263206542009659666788392562e-15]
[0.8, 9.1093837000000001e-31, 9.1093837000000001e-31, 1.0, 1.0, 4,1000,False, 1000, 2, 1, 1.23418295592101527964823677334e-15]
[0.8, 9.1093837000000001e-31, 9.1093837000000001e-31, 1.0, 1.0, 4,1000,False, 1000, 2, 1, 1.40844459712100819157711838696e-15]
[0.8, 9.1093837000000001e-31, 9.1093837000000001e-31, 1.0, 1.0, 4,1000,False, 1000, 2, 1, 1.35452354882703052319147419582e-15]
[0.8, 9.1093837000000001e-31, 9.1093837000000001e-31, 1.0, 1.0, 4,1000,False, 1000, 2, 1, 1.36012411203834046920765237268e-15]
[0.8, 9.1093837000000001e-31, 9.1093837000000001e-31, 1.0, 1.0, 4,1000,False, 1000, 2, 1, 1.1949291948941887535352104653e-15]
[0.8, 9.1093837000000001e-31, 9.1093837000000001e-31, 1.0, 1.0, 4,1000,False, 1000, 2, 1, 1.46161773906954439038032059318e-15]
[0.8, 9.1093837000000001e-31, 9.1093837000000001e-31, 1.0, 1.0, 4,1000,False, 1000, 2, 1, 1.23702380315489891028215560947e-15]
[0.8, 9.1093837000000001e-31, 9.1093837000000001e-31, 1.0, 1.0, 4,1000,False, 1000, 2, 1, 1.45894543484046187344453102263e-15]
[0.8, 9.1093837000000001e-31, 9.1093837000000001e-31, 1.0, 1.0, 4,1000,False, 1000, 2, 1, 1.16946095016135529885354544561e-15]
[0.8, 9.1093837000000001e-31, 9.1093837000000001e-31, 1.0, 1.0, 4,1000,False, 1000, 2, 1, 1.13079572119649638805688307332e-15]
[0.8, 9.1093837000000001e-31, 9.1093837000000001e-31, 1.0, 1.0, 4,1000,False, 1000, 2, 1, 1.1696899963593563047218086157e-15]
[0.8, 9.1093837000000001e-31, 9.1093837000000001e-31, 1.0, 1.0, 4,1000,False, 1000, 2, 1, 1.19274824864997212787975089106e-15]
[0.8, 9.1093837000000001e-31, 9.1093837000000001e-31, 1.0, 1.0, 4,1000,False, 1000, 2, 1, 1.31828894209397610422412893568e-15]
[0.8, 9.1093837000000001e-31, 9.1093837000000001e-31, 1.0, 1.0, 4,1000,False, 1000, 2, 1, 1.21449428312395005156549649307e-15]
[0.8, 9.1093837000000001e-31, 9.1093837000000001e-31, 1.0, 1.0, 4,1000,False, 1000, 2, 1, 1.24393181937497776117344905719e-15]
[0.8, 9.1093837000000001e-31, 9.1093837000000001e-31, 1.0, 1.0, 4,1000,False, 1000, 2, 1, 1.38085421622689391231131122142e-15]
[0.8, 9.1093837000000001e-31, 9.1093837000000001e-31, 1.0, 1.0, 4,1000,False, 1000, 2, 1, 1.36380787765993785883051778771e-15]
[0.8, 9.1093837000000001e-31, 9.1093837000000001e-31, 1.0, 1.0, 4,1000,False, 1000, 2, 1, 1.35222856001248374588745889392e-15]
[0.8, 9.1093837000000001e-31, 9.1093837000000001e-31, 1.0, 1.0, 4,1000,False, 1000, 2, 1, 1.32398365553866698870968489133e-15]
[0.8, 9.1093837000000001e-31, 9.1093837000000001e-31, 1.0, 1.0, 4,1000,False, 1000, 2, 1, 1.34128774267197586557131582594e-15]
[0.8, 9.1093837000000001e-31, 9.1093837000000001e-31, 1.0, 1.0, 4,1000,False, 1000, 2, 1, 1.288751635884271525495472073e-15]
[0.8, 9.1093837000000001e-31, 9.1093837000000001e-31, 1.0, 1.0, 4,1000,False, 1000, 2, 1, 1.36198425864231143822978581613e-15]
[0.8, 9.1093837000000001e-31, 9.1093837000000001e-31, 1.0, 1.0, 4,1000,False, 1000, 2, 1, 1.30363440742422707314652101943e-15]
[0.8, 9.1093837000000001e-31, 9.1093837000000001e-31, 1.0, 1.0, 4,1000,False, 1000, 2, 1, 1.24936820318352696656450844104e-15]
[0.8, 9.1093837000000001e-31, 9.1093837000000001e-31, 1.0, 1.0, 4,1000,False, 1000, 2, 1, 1.12786754367515556680822147474e-15]
[0.8, 9.1093837000000001e-31, 9.1093837000000001e-31, 1.0, 1.0, 4,1000,False, 1000, 2, 1, 1.19284384993669521657460481685e-15]
[0.8, 9.1093837000000001e-31, 9.1093837000000001e-31, 1.0, 1.0, 4,1000,False, 1000, 2, 1, 1.16455252099586780537493492108e-15]
[0.8, 9.1093837000000001e-31, 9.1093837000000001e-31, 1.0, 1.0, 4,1000,False, 1000, 2, 1, 1.28799572109276062328550374394e-15]
[0.8, 9.1093837000000001e-31, 9.1093837000000001e-31, 1.0, 1.0, 4,1000,False, 1000, 2, 1, 1.33191130069707809503027123572e-15]
[0.8, 9.1093837000000001e-31, 9.1093837000000001e-31, 1.0, 1.0, 4,1000,False, 1000, 2, 1, 1.46794037013363015473592754329e-15]
[0.8, 9.1093837000000001e-31, 9.1093837000000001e-31, 1.0, 1.0, 4,1000,False, 1000, 2, 1, 1.27054715577178850633648668745e-15]
[0.8, 9.1093837000000001e-31, 9.1093837000000001e-31, 1.0, 1.0, 4,1000,False, 1000, 2, 1, 1.0274210275808014885248433654e-15]
[0.8, 9.1093837000000001e-31, 9.1093837000000001e-31, 1.0, 1.0, 4,1000,False, 1000, 2, 1, 1.20683077010398449858510557816e-15]
[0.8, 9.1093837000000001e-31, 9.1093837000000001e-31, 1.0, 1.0, 4,1000,False, 1000, 2, 1, 1.17467840758852487783574405881e-15]
[0.8, 9.1093837000000001e-31, 9.1093837000000001e-31, 1.0, 1.0, 4,1000,False, 1000, 2, 1, 1.19875997478342412350305861603e-15]
[0.8, 9.1093837000000001e-31, 9.1093837000000001e-31, 1.0, 1.0, 4,1000,False, 1000, 2, 1, 1.19860183000915900047675394863e-15]
[0.8, 9.1093837000000001e-31, 9.1093837000000001e-31, 1.0, 1.0, 4,1000,False, 1000, 2, 1, 1.27482808107632277798990522469e-15]
[0.8, 9.1093837000000001e-31, 9.1093837000000001e-31, 1.0, 1.0, 4,1000,False, 1000, 2, 1, 1.35096491036697406646196472235e-15]
[0.8, 9.1093837000000001e-31, 9.1093837000000001e-31, 1.0, 1.0, 4,1000,False, 1000, 2, 1, 1.36769985256052654443447625338e-15]
[0.8, 9.1093837000000001e-31, 9.1093837000000001e-31, 1.0, 1.0, 4,1000,False, 1000, 2, 1, 1.26392041873558856900741724977e-15]
[0.8, 9.1093837000000001e-31, 9.1093837000000001e-31, 1.0, 1.0, 4,1000,False, 1000, 2, 1, 1.51880875003258773125147218519e-15]
[0.8, 9.1093837000000001e-31, 9.1093837000000001e-31, 1.0, 1.0, 4,1000,False, 1000, 2, 1, 1.10366160105169675522710644516e-15]
[0.8, 9.1093837000000001e-31, 9.1093837000000001e-31, 1.0, 1.0, 4,1000,False, 1000, 2, 1, 1.16464705004528461038076575826e-15]
[0.8, 9.1093837000000001e-31, 9.1093837000000001e-31, 1.0, 1.0, 4,1000,False, 1000, 2, 1, 1.10202980721862978554729808103e-15]
[0.8, 9.1093837000000001e-31, 9.1093837000000001e-31, 1.0, 1.0, 4,1000,False, 1000, 2, 1, 1.08741447838802219171493973775e-15]
[0.8, 9.1093837000000001e-31, 9.1093837000000001e-31, 1.0, 1.0, 4,1000,False, 1000, 2, 1, 1.11159087109640934721406425703e-15]
[0.8, 9.1093837000000001e-31, 9.1093837000000001e-31, 1.0, 1.0, 4,1000,False, 1000, 2, 1, 1.35675874478899696420985240074e-15]
[0.8, 9.1093837000000001e-31, 9.1093837000000001e-31, 1.0, 1.0, 4,1000,False, 1000, 2, 1, 1.22854326892929779125135883193e-15]
[0.8, 9.1093837000000001e-31, 9.1093837000000001e-31, 1.0, 1.0, 4,1000,False, 1000, 2, 1, 1.18158291469397243742472697803e-15]
[0.8, 9.1093837000000001e-31, 9.1093837000000001e-31, 1.0, 1.0, 4,1000,False, 1000, 2, 1, 1.29158224234177390427494711923e-15]
[0.8, 9.1093837000000001e-31, 9.1093837000000001e-31, 1.0, 1.0, 4,1000,False, 1000, 2, 1, 1.18784809737683341848019002669e-15]
[0.8, 9.1093837000000001e-31, 9.1093837000000001e-31, 1.0, 1.0, 4,1000,False, 1000, 2, 1, 1.31214244853852120044873949849e-15]
[0.8, 9.1093837000000001e-31, 9.1093837000000001e-31, 1.0, 1.0, 4,1000,False, 1000, 2, 1, 1.18836217231672547859048232395e-15]
[0.8, 9.1093837000000001e-31, 9.1093837000000001e-31, 1.0, 1.0, 4,1000,False, 1000, 2, 1, 1.30133267082683547093617669637e-15]
[0.8, 9.1093837000000001e-31, 9.1093837000000001e-31, 1.0, 1.0, 4,1000,False, 1000, 2, 1, 1.13047404575185163217048752944e-15]
[0.8, 9.1093837000000001e-31, 9.1093837000000001e-31, 1.0, 1.0, 4,1000,False, 1000, 2, 1, 1.15286210338133327455629090301e-15]
[0.8, 9.1093837000000001e-31, 9.1093837000000001e-31, 1.0, 1.0, 4,1000,False, 1000, 2, 1, 1.23474907188577794178559403554e-15]
[0.8, 9.1093837000000001e-31, 9.1093837000000001e-31, 1.0, 1.0, 4,1000,False, 1000, 2, 1, 1.24239655221971609684792366191e-15]
[0.8, 9.1093837000000001e-31, 9.1093837000000001e-31, 1.0, 1.0, 4,1000,False, 1000, 2, 1, 1.25474889427025834928345408024e-15]
[0.8, 9.1093837000000001e-31, 9.1093837000000001e-31, 1.0, 1.0, 4,1000,False, 1000, 2, 1, 1.40898763818492004004256034951e-15]
[0.8, 9.1093837000000001e-31, 9.1093837000000001e-31, 1.0, 1.0, 4,1000,False, 1000, 2, 1, 1.21150799230601862343342429004e-15]
[0.8, 9.1093837000000001e-31, 9.1093837000000001e-31, 1.0, 1.0, 4,1000,False, 1000, 2, 1, 1.3848326889819699248385142157e-15]
[0.8, 9.1093837000000001e-31, 9.1093837000000001e-31, 1.0, 1.0, 4,1000,False, 1000, 2, 1, 1.48303828857926913211881290256e-15]
[0.8, 9.1093837000000001e-31, 9.1093837000000001e-31, 1.0, 1.0, 4,1000,False, 1000, 2, 1, 1.19896877003211773458814292581e-15]
[0.8, 9.1093837000000001e-31, 9.1093837000000001e-31, 1.0, 1.0, 4,1000,False, 1000, 2, 1, 1.16723965699392971808719961161e-15]
[0.8, 9.1093837000000001e-31, 9.1093837000000001e-31, 1.0, 1.0, 4,1000,False, 1000, 2, 1, 1.48685950541309414104366536901e-15]
[0.8, 9.1093837000000001e-31, 9.1093837000000001e-31, 1.0, 1.0, 4,1000,False, 1000, 2, 1, 1.24090469363442649232536077542e-15]
[0.8, 9.1093837000000001e-31, 9.1093837000000001e-31, 1.0, 1.0, 4,1000,False, 1000, 2, 1, 1.26496759183336456927666990071e-15]
[0.8, 9.1093837000000001e-31, 9.1093837000000001e-31, 1.0, 1.0, 4,1000,False, 1000, 2, 1, 1.16184656030513512802312336529e-15]
[0.8, 9.1093837000000001e-31, 9.1093837000000001e-31, 1.0, 1.0, 4,1000,False, 1000, 2, 1, 1.28529024663525296513418232218e-15]
[0.8, 9.1093837000000001e-31, 9.1093837000000001e-31, 1.0, 1.0, 4,1000,False, 1000, 2, 1, 1.43427356051401411496749708475e-15]
[0.8, 9.1093837000000001e-31, 9.1093837000000001e-31, 1.0, 1.0, 4,1000,False, 1000, 2, 1, 1.14357891454473165357310339609e-15]
[0.8, 9.1093837000000001e-31, 9.1093837000000001e-31, 1.0, 1.0, 4,1000,False, 1000, 2, 1, 1.15134009178095203846471284052e-15]
[0.8, 9.1093837000000001e-31, 9.1093837000000001e-31, 1.0, 1.0, 4,1000,False, 1000, 2, 1, 1.32809098086259246462824749095e-15]
[0.8, 9.1093837000000001e-31, 9.1093837000000001e-31, 1.0, 1.0, 4,1000,False, 1000, 2, 1, 1.27962913511700953582796650232e-15]
[0.8, 9.1093837000000001e-31, 9.1093837000000001e-31, 1.0, 1.0, 4,1000,False, 1000, 2, 1, 1.21894615114871926095362045391e-15]
[0.8, 9.1093837000000001e-31, 9.1093837000000001e-31, 1.0, 1.0, 4,1000,False, 1000, 2, 1, 1.25210515946829596862089829596e-15]
[0.8, 9.1093837000000001e-31, 9.1093837000000001e-31, 1.0, 1.0, 4,1000,False, 1000, 2, 1, 1.25479535955909116047015207952e-15]
[0.8, 9.1093837000000001e-31, 9.1093837000000001e-31, 1.0, 1.0, 4,1000,False, 1000, 2, 1, 1.24032239729091751440832694827e-15]
[0.8, 9.1093837000000001e-31, 9.1093837000000001e-31, 1.0, 1.0, 4,1000,False, 1000, 2, 1, 1.26906464532977377185299448625e-15]
[0.8, 9.1093837000000001e-31, 9.1093837000000001e-31, 1.0, 1.0, 4,1000,False, 1000, 2, 1, 1.25276281367492454294773042557e-15]
[0.8, 9.1093837000000001e-31, 9.1093837000000001e-31, 1.0, 1.0, 4,1000,False, 1000, 2, 1, 1.26428781917319720126835210287e-15]
[0.8, 9.1093837000000001e-31, 9.1093837000000001e-31, 1.0, 1.0, 4,1000,False, 1000, 2, 1, 1.29575429770723197978080160821e-15]
[0.8, 9.1093837000000001e-31, 9.1093837000000001e-31, 1.0, 1.0, 4,1000,False, 1000, 2, 1, 1.27874940505012696956475119793e-15]
[0.8, 9.1093837000000001e-31, 9.1093837000000001e-31, 1.0, 1.0, 4,1000,False, 1000, 2, 1, 1.17785699779783852780451986534e-15]
[0.8, 9.1093837000000001e-31, 9.1093837000000001e-31, 1.0, 1.0, 4,1000,False, 1000, 2, 1, 1.35320472421396640177957115232e-15]
[0.8, 9.1093837000000001e-31, 9.1093837000000001e-31, 1.0, 1.0, 4,1000,False, 1000, 2, 1, 1.1000457423886540944293468173e-15]
[0.8, 9.1093837000000001e-31, 9.1093837000000001e-31, 1.0, 1.0, 4,1000,False, 1000, 2, 1, 1.37822196800310123775886022697e-15]
[0.8, 9.1093837000000001e-31, 9.1093837000000001e-31, 1.0, 1.0, 4,1000,False, 1000, 2, 1, 1.39651062528190867604862116645e-15]
[0.8, 9.1093837000000001e-31, 9.1093837000000001e-31, 1.0, 1.0, 4,1000,False, 1000, 2, 1, 1.23842534586090625451996284646e-15]
[0.8, 9.1093837000000001e-31, 9.1093837000000001e-31, 1.0, 1.0, 4,1000,False, 1000, 2, 1, 1.23187659858058368107277404061e-15]
[0.8, 9.1093837000000001e-31, 9.1093837000000001e-31, 1.0, 1.0, 4,1000,False, 1000, 2, 1, 1.21882294807085907738477472413e-15]
[0.8, 9.1093837000000001e-31, 9.1093837000000001e-31, 1.0, 1.0, 4,1000,False, 1000, 2, 1, 1.1703765308841025398511720759e-15]
[0.8, 9.1093837000000001e-31, 9.1093837000000001e-31, 1.0, 1.0, 4,1000,False, 1000, 2, 1, 1.150537960026416431562990256e-15]
[0.8, 9.1093837000000001e-31, 9.1093837000000001e-31, 1.0, 1.0, 4,1000,False, 1000, 2, 1, 1.17526497612776812357192920865e-15]
[0.8, 9.1093837000000001e-31, 9.1093837000000001e-31, 1.0, 1.0, 4,1000,False, 1000, 2, 1, 1.42957568025184061545742295601e-15]
[0.8, 9.1093837000000001e-31, 9.1093837000000001e-31, 1.0, 1.0, 4,1000,False, 1000, 2, 1, 1.4362697205775643659082920423e-15]
[0.8, 9.1093837000000001e-31, 9.1093837000000001e-31, 1.0, 1.0, 4,1000,False, 1000, 2, 1, 1.27476949915506549787568624514e-15]
[0.8, 9.1093837000000001e-31, 9.1093837000000001e-31, 1.0, 1.0, 4,1000,False, 1000, 2, 1, 1.43815682458591683043466118318e-15]
[0.8, 9.1093837000000001e-31, 9.1093837000000001e-31, 1.0, 1.0, 4,1000,False, 1000, 2, 1, 1.38858055000162327079023699815e-15]
[0.8, 9.1093837000000001e-31, 9.1093837000000001e-31, 1.0, 1.0, 4,1000,False, 1000, 2, 1, 1.56194028637867479543699903758e-15]
[0.8, 9.1093837000000001e-31, 9.1093837000000001e-31, 1.0, 1.0, 4,1000,False, 1000, 2, 1, 1.42367436481895223509177280018e-15]
[0.8, 9.1093837000000001e-31, 9.1093837000000001e-31, 1.0, 1.0, 4,1000,False, 1000, 2, 1, 1.26223909626684714741911466555e-15]
[0.8, 9.1093837000000001e-31, 9.1093837000000001e-31, 1.0, 1.0, 4,1000,False, 1000, 2, 1, 1.21253942397250623279704422733e-15]
[0.8, 9.1093837000000001e-31, 9.1093837000000001e-31, 1.0, 1.0, 4,1000,False, 1000, 2, 1, 1.35870630996596963202318833188e-15]
[0.8, 9.1093837000000001e-31, 9.1093837000000001e-31, 1.0, 1.0, 4,1000,False, 1000, 2, 1, 1.23064969480954938541358752055e-15]
[0.8, 9.1093837000000001e-31, 9.1093837000000001e-31, 1.0, 1.0, 4,1000,False, 1000, 2, 1, 1.30857307655299549238691026206e-15]
[0.8, 9.1093837000000001e-31, 9.1093837000000001e-31, 1.0, 1.0, 4,1000,False, 1000, 2, 1, 1.34222002176377405463423167121e-15]
[0.8, 9.1093837000000001e-31, 9.1093837000000001e-31, 1.0, 1.0, 4,1000,False, 1000, 2, 1, 1.25535053927692243328841255756e-15]
[0.8, 9.1093837000000001e-31, 9.1093837000000001e-31, 1.0, 1.0, 4,1000,False, 1000, 2, 1, 1.15027692314626021016408489099e-15]
[0.8, 9.1093837000000001e-31, 9.1093837000000001e-31, 1.0, 1.0, 4,1000,False, 1000, 2, 1, 1.27996419781922485339994280811e-15]
[0.8, 9.1093837000000001e-31, 9.1093837000000001e-31, 1.0, 1.0, 4,1000,False, 1000, 2, 1, 1.14144033614956874339723070528e-15]
[0.8, 9.1093837000000001e-31, 9.1093837000000001e-31, 1.0, 1.0, 4,1000,False, 1000, 2, 1, 1.54499776892332189825149371125e-15]
[0.8, 9.1093837000000001e-31, 9.1093837000000001e-31, 1.0, 1.0, 4,1000,False, 1000, 2, 1, 1.28409976999580722524575508951e-15]
[0.8, 9.1093837000000001e-31, 9.1093837000000001e-31, 1.0, 1.0, 4,1000,False, 1000, 2, 1, 1.13307004751849656163396015918e-15]
[0.8, 9.1093837000000001e-31, 9.1093837000000001e-31, 1.0, 1.0, 4,1000,False, 1000, 2, 1, 1.24475072132235094825894760279e-15]
[0.8, 9.1093837000000001e-31, 9.1093837000000001e-31, 1.0, 1.0, 4,1000,False, 1000, 2, 1, 1.20545879547717645384464973672e-15]
[0.8, 9.1093837000000001e-31, 9.1093837000000001e-31, 1.0, 1.0, 4,1000,False, 1000, 2, 1, 1.24545743044442919264605455447e-15]
[0.8, 9.1093837000000001e-31, 9.1093837000000001e-31, 1.0, 1.0, 4,1000,False, 1000, 2, 1, 1.30936648526707694420437218393e-15]
[0.8, 9.1093837000000001e-31, 9.1093837000000001e-31, 1.0, 1.0, 4,1000,False, 1000, 2, 1, 1.209708199530667584250350338e-15]
[0.8, 9.1093837000000001e-31, 9.1093837000000001e-31, 1.0, 1.0, 4,1000,False, 1000, 2, 1, 1.30284864027092583650197345751e-15]
[0.8, 9.1093837000000001e-31, 9.1093837000000001e-31, 1.0, 1.0, 4,1000,False, 1000, 2, 1, 1.350009732913784669110850247e-15]
[0.8, 9.1093837000000001e-31, 9.1093837000000001e-31, 1.0, 1.0, 4,1000,False, 1000, 2, 1, 1.18528703190912978474132715587e-15]
[0.8, 9.1093837000000001e-31, 9.1093837000000001e-31, 1.0, 1.0, 4,1000,False, 1000, 2, 1, 1.37669456731522949491463407728e-15]
[0.8, 9.1093837000000001e-31, 9.1093837000000001e-31, 1.0, 1.0, 4,1000,False, 1000, 2, 1, 1.31648949529514828025730630523e-15]
[0.8, 9.1093837000000001e-31, 9.1093837000000001e-31, 1.0, 1.0, 4,1000,False, 1000, 2, 1, 1.34670473862609431272329014644e-15]
[0.8, 9.1093837000000001e-31, 9.1093837000000001e-31, 1.0, 1.0, 4,1000,False, 1000, 2, 1, 1.20550426145689952106990054322e-15]
[0.8, 9.1093837000000001e-31, 9.1093837000000001e-31, 1.0, 1.0, 4,1000,False, 1000, 2, 1, 1.276903945962546661372123636e-15]
[0.8, 9.1093837000000001e-31, 9.1093837000000001e-31, 1.0, 1.0, 4,1000,False, 1000, 2, 1, 1.3705860385556654737447591563e-15]
[0.8, 9.1093837000000001e-31, 9.1093837000000001e-31, 1.0, 1.0, 4,1000,False, 1000, 2, 1, 1.33014061660588683752566125405e-15]
[0.8, 9.1093837000000001e-31, 9.1093837000000001e-31, 1.0, 1.0, 4,1000,False, 1000, 2, 1, 1.17263515137870978128588647135e-15]
[0.8, 9.1093837000000001e-31, 9.1093837000000001e-31, 1.0, 1.0, 4,1000,False, 1000, 2, 1, 1.40420370089592944435730382478e-15]
[0.8, 9.1093837000000001e-31, 9.1093837000000001e-31, 1.0, 1.0, 4,1000,False, 1000, 2, 1, 1.37728001646258989814640684239e-15]
[0.8, 9.1093837000000001e-31, 9.1093837000000001e-31, 1.0, 1.0, 4,1000,False, 1000, 2, 1, 1.47167109730271172359779211375e-15]
[0.8, 9.1093837000000001e-31, 9.1093837000000001e-31, 1.0, 1.0, 4,1000,False, 1000, 2, 1, 1.24429992247148353768859323678e-15]
[0.8, 9.1093837000000001e-31, 9.1093837000000001e-31, 1.0, 1.0, 4,1000,False, 1000, 2, 1, 1.33658762458187814584785288538e-15]
[0.8, 9.1093837000000001e-31, 9.1093837000000001e-31, 1.0, 1.0, 4,1000,False, 1000, 2, 1, 1.26798490030080381611230116966e-15]
[0.8, 9.1093837000000001e-31, 9.1093837000000001e-31, 1.0, 1.0, 4,1000,False, 1000, 2, 1, 1.12154025582103448123626068115e-15]
[0.8, 9.1093837000000001e-31, 9.1093837000000001e-31, 1.0, 1.0, 4,1000,False, 1000, 2, 1, 1.15999243462422855436928011077e-15]
[0.8, 9.1093837000000001e-31, 9.1093837000000001e-31, 1.0, 1.0, 4,1000,False, 1000, 2, 1, 1.41915879527706803394523866425e-15]
[0.8, 9.1093837000000001e-31, 9.1093837000000001e-31, 1.0, 1.0, 4,1000,False, 1000, 2, 1, 1.26920964039752182882314338449e-15]
[0.8, 9.1093837000000001e-31, 9.1093837000000001e-31, 1.0, 1.0, 4,1000,False, 1000, 2, 1, 1.30732633330815162207600552552e-15]
[0.8, 9.1093837000000001e-31, 9.1093837000000001e-31, 1.0, 1.0, 4,1000,False, 1000, 2, 1, 1.17070392001201048935844332084e-15]
[0.8, 9.1093837000000001e-31, 9.1093837000000001e-31, 1.0, 1.0, 4,1000,False, 1000, 2, 1, 1.3075563656769764511761977735e-15]
[0.8, 9.1093837000000001e-31, 9.1093837000000001e-31, 1.0, 1.0, 4,1000,False, 1000, 2, 1, 1.19257340978945885808800197053e-15]
[0.8, 9.1093837000000001e-31, 9.1093837000000001e-31, 1.0, 1.0, 4,1000,False, 1000, 2, 1, 1.17981475004759501200284979201e-15]
[0.8, 9.1093837000000001e-31, 9.1093837000000001e-31, 1.0, 1.0, 4,1000,False, 1000, 2, 1, 1.30251450741682021416087504284e-15]
[0.8, 9.1093837000000001e-31, 9.1093837000000001e-31, 1.0, 1.0, 4,1000,False, 1000, 2, 1, 1.2549043668321340701792251455e-15]
[0.8, 9.1093837000000001e-31, 9.1093837000000001e-31, 1.0, 1.0, 4,1000,False, 1000, 2, 1, 1.19642860540849026406284582965e-15]
[0.8, 9.1093837000000001e-31, 9.1093837000000001e-31, 1.0, 1.0, 4,1000,False, 1000, 2, 1, 1.22508756126936584969341971616e-15]
[0.8, 9.1093837000000001e-31, 9.1093837000000001e-31, 1.0, 1.0, 4,1000,False, 1000, 2, 1, 1.55769392431869046896617191193e-15]
[0.8, 9.1093837000000001e-31, 9.1093837000000001e-31, 1.0, 1.0, 4,1000,False, 1000, 2, 1, 1.39117499955442555555079660368e-15]
[0.8, 9.1093837000000001e-31, 9.1093837000000001e-31, 1.0, 1.0, 4,1000,False, 1000, 2, 1, 1.30270339725143295503706257077e-15]
[0.8, 9.1093837000000001e-31, 9.1093837000000001e-31, 1.0, 1.0, 4,1000,False, 1000, 2, 1, 1.09419345662575216825226267787e-15]
[0.8, 9.1093837000000001e-31, 9.1093837000000001e-31, 1.0, 1.0, 4,1000,False, 1000, 2, 1, 1.15498288373441577068222489697e-15]
[0.8, 9.1093837000000001e-31, 9.1093837000000001e-31, 1.0, 1.0, 4,1000,False, 1000, 2, 1, 1.42670126237896447263357412549e-15]
[0.8, 9.1093837000000001e-31, 9.1093837000000001e-31, 1.0, 1.0, 4,1000,False, 1000, 2, 1, 1.35107123609599194665599450638e-15]
[0.8, 9.1093837000000001e-31, 9.1093837000000001e-31, 1.0, 1.0, 4,1000,False, 1000, 2, 1, 1.28754555461314180092128582947e-15]
[0.8, 9.1093837000000001e-31, 9.1093837000000001e-31, 1.0, 1.0, 4,1000,False, 1000, 2, 1, 1.16767401701343029556124827592e-15]
[0.8, 9.1093837000000001e-31, 9.1093837000000001e-31, 1.0, 1.0, 4,1000,False, 1000, 2, 1, 1.2675475071937883840606045546e-15]
[0.8, 9.1093837000000001e-31, 9.1093837000000001e-31, 1.0, 1.0, 4,1000,False, 1000, 2, 1, 1.40927872379014026305046056091e-15]
[0.8, 9.1093837000000001e-31, 9.1093837000000001e-31, 1.0, 1.0, 4,1000,False, 1000, 2, 1, 1.43879678230476055342762856318e-15]
[0.8, 9.1093837000000001e-31, 9.1093837000000001e-31, 1.0, 1.0, 4,1000,False, 1000, 2, 1, 1.19612560190768454417529027734e-15]
[0.8, 9.1093837000000001e-31, 9.1093837000000001e-31, 1.0, 1.0, 4,1000,False, 1000, 2, 1, 1.21310115347633153071987071128e-15]
[0.8, 9.1093837000000001e-31, 9.1093837000000001e-31, 1.0, 1.0, 4,1000,False, 1000, 2, 1, 1.32592862569309262558790425789e-15]
[0.8, 9.1093837000000001e-31, 9.1093837000000001e-31, 1.0, 1.0, 4,1000,False, 1000, 2, 1, 1.30931431077891632427667299794e-15]
[0.8, 9.1093837000000001e-31, 9.1093837000000001e-31, 1.0, 1.0, 4,1000,False, 1000, 2, 1, 1.2170311867115028804165357914e-15]
[0.8, 9.1093837000000001e-31, 9.1093837000000001e-31, 1.0, 1.0, 4,1000,False, 1000, 2, 1, 1.0269741869396706370575614313e-15]
[0.8, 9.1093837000000001e-31, 9.1093837000000001e-31, 1.0, 1.0, 4,1000,False, 1000, 2, 1, 1.46518931224779976613466798976e-15]
[0.8, 9.1093837000000001e-31, 9.1093837000000001e-31, 1.0, 1.0, 4,1000,False, 1000, 2, 1, 1.3276721128178123673040406793e-15]
[0.8, 9.1093837000000001e-31, 9.1093837000000001e-31, 1.0, 1.0, 4,1000,False, 1000, 2, 1, 1.25045899979425498841399545987e-15]
[0.8, 9.1093837000000001e-31, 9.1093837000000001e-31, 1.0, 1.0, 4,1000,False, 1000, 2, 1, 1.24149902378930221347164481742e-15]
[0.8, 9.1093837000000001e-31, 9.1093837000000001e-31, 1.0, 1.0, 4,1000,False, 1000, 2, 1, 1.13375677912019513005446823962e-15]
[0.8, 9.1093837000000001e-31, 9.1093837000000001e-31, 1.0, 1.0, 4,1000,False, 1000, 2, 1, 1.27078704825694235101162820582e-15]
[0.8, 9.1093837000000001e-31, 9.1093837000000001e-31, 1.0, 1.0, 4,1000,False, 1000, 2, 1, 1.28753887452482357313441455828e-15]
[0.8, 9.1093837000000001e-31, 9.1093837000000001e-31, 1.0, 1.0, 4,1000,False, 1000, 2, 1, 1.38654809181445173557249395557e-15]
[0.8, 9.1093837000000001e-31, 9.1093837000000001e-31, 1.0, 1.0, 4,1000,False, 1000, 2, 1, 1.37801881285736457882699831873e-15]
[0.8, 9.1093837000000001e-31, 9.1093837000000001e-31, 1.0, 1.0, 4,1000,False, 1000, 2, 1, 1.22044147627350041113361394831e-15]
[0.8, 9.1093837000000001e-31, 9.1093837000000001e-31, 1.0, 1.0, 4,1000,False, 1000, 2, 1, 1.28502513937063058381586491269e-15]
[0.8, 9.1093837000000001e-31, 9.1093837000000001e-31, 1.0, 1.0, 4,1000,False, 1000, 2, 1, 1.24875957375645025453223377116e-15]
[0.8, 9.1093837000000001e-31, 9.1093837000000001e-31, 1.0, 1.0, 4,1000,False, 1000, 2, 1, 1.258194844036261287920323298e-15]
[0.8, 9.1093837000000001e-31, 9.1093837000000001e-31, 1.0, 1.0, 4,1000,False, 1000, 2, 1, 1.33708891347090056108614279579e-15]
[0.8, 9.1093837000000001e-31, 9.1093837000000001e-31, 1.0, 1.0, 4,1000,False, 1000, 2, 1, 1.36920479476738021430378570186e-15]
[0.8, 9.1093837000000001e-31, 9.1093837000000001e-31, 1.0, 1.0, 4,1000,False, 1000, 2, 1, 1.36595991519383548239322331226e-15]
[0.8, 9.1093837000000001e-31, 9.1093837000000001e-31, 1.0, 1.0, 4,1000,False, 1000, 2, 1, 1.18699479834666335869060217094e-15]
[0.8, 9.1093837000000001e-31, 9.1093837000000001e-31, 1.0, 1.0, 4,1000,False, 1000, 2, 1, 1.37404703305679957487307485492e-15]
[0.8, 9.1093837000000001e-31, 9.1093837000000001e-31, 1.0, 1.0, 4,1000,False, 1000, 2, 1, 1.40208761442545255398895793285e-15]
[0.8, 9.1093837000000001e-31, 9.1093837000000001e-31, 1.0, 1.0, 4,1000,False, 1000, 2, 1, 1.47058010735708254273587135878e-15]
[0.8, 9.1093837000000001e-31, 9.1093837000000001e-31, 1.0, 1.0, 4,1000,False, 1000, 2, 1, 1.30063921104696805218191709626e-15]
[0.8, 9.1093837000000001e-31, 9.1093837000000001e-31, 1.0, 1.0, 4,1000,False, 1000, 2, 1, 1.30061198125158407197851389444e-15]
[0.8, 9.1093837000000001e-31, 9.1093837000000001e-31, 1.0, 1.0, 4,1000,False, 1000, 2, 1, 1.22075759812676629540252267587e-15]
[0.8, 9.1093837000000001e-31, 9.1093837000000001e-31, 1.0, 1.0, 4,1000,False, 1000, 2, 1, 1.18667063003764957288568908464e-15]
[0.8, 9.1093837000000001e-31, 9.1093837000000001e-31, 1.0, 1.0, 4,1000,False, 1000, 2, 1, 1.26268599610952909131528524087e-15]
[0.8, 9.1093837000000001e-31, 9.1093837000000001e-31, 1.0, 1.0, 4,1000,False, 1000, 2, 1, 1.22258090527726439879204619291e-15]
[0.8, 9.1093837000000001e-31, 9.1093837000000001e-31, 1.0, 1.0, 4,1000,False, 1000, 2, 1, 1.32242068017957558193086244509e-15]
[0.8, 9.1093837000000001e-31, 9.1093837000000001e-31, 1.0, 1.0, 4,1000,False, 1000, 2, 1, 1.21685081956164764912407065736e-15]
[0.8, 9.1093837000000001e-31, 9.1093837000000001e-31, 1.0, 1.0, 4,1000,False, 1000, 2, 1, 1.211557336606574192605559641e-15]
[0.8, 9.1093837000000001e-31, 9.1093837000000001e-31, 1.0, 1.0, 4,1000,False, 1000, 2, 1, 1.36293021000505252122223400642e-15]
[0.8, 9.1093837000000001e-31, 9.1093837000000001e-31, 1.0, 1.0, 4,1000,False, 1000, 2, 1, 1.32633697900774990643945255273e-15]
[0.8, 9.1093837000000001e-31, 9.1093837000000001e-31, 1.0, 1.0, 4,1000,False, 1000, 2, 1, 1.35042341820950346688464451896e-15]
[0.8, 9.1093837000000001e-31, 9.1093837000000001e-31, 1.0, 1.0, 4,1000,False, 1000, 2, 1, 1.25476014312179534188489782875e-15]
[0.8, 9.1093837000000001e-31, 9.1093837000000001e-31, 1.0, 1.0, 4,1000,False, 1000, 2, 1, 1.20984771411502616541113543272e-15]
[0.8, 9.1093837000000001e-31, 9.1093837000000001e-31, 1.0, 1.0, 4,1000,False, 1000, 2, 1, 1.3296590240287753138102864022e-15]
[0.8, 9.1093837000000001e-31, 9.1093837000000001e-31, 1.0, 1.0, 4,1000,False, 1000, 2, 1, 1.1692270760863031702621978342e-15]
[0.8, 9.1093837000000001e-31, 9.1093837000000001e-31, 1.0, 1.0, 4,1000,False, 1000, 2, 1, 1.31109938292590897530467894284e-15]
[0.8, 9.1093837000000001e-31, 9.1093837000000001e-31, 1.0, 1.0, 4,1000,False, 1000, 2, 1, 1.25370835645040870667712842687e-15]
[0.8, 9.1093837000000001e-31, 9.1093837000000001e-31, 1.0, 1.0, 4,1000,False, 1000, 2, 1, 1.41045055246401079416028400042e-15]
[0.8, 9.1093837000000001e-31, 9.1093837000000001e-31, 1.0, 1.0, 4,1000,False, 1000, 2, 1, 1.37319942155954764202625123632e-15]
[0.8, 9.1093837000000001e-31, 9.1093837000000001e-31, 1.0, 1.0, 4,1000,False, 1000, 2, 1, 1.19088611101416489323972147757e-15]
[0.8, 9.1093837000000001e-31, 9.1093837000000001e-31, 1.0, 1.0, 4,1000,False, 1000, 2, 1, 1.46012120718746981544274030591e-15]
[0.8, 9.1093837000000001e-31, 9.1093837000000001e-31, 1.0, 1.0, 4,1000,False, 1000, 2, 1, 1.22263736050383458535213208991e-15]
[0.8, 9.1093837000000001e-31, 9.1093837000000001e-31, 1.0, 1.0, 4,1000,False, 1000, 2, 1, 1.2503046101141597063186015448e-15]
[0.8, 9.1093837000000001e-31, 9.1093837000000001e-31, 1.0, 1.0, 4,1000,False, 1000, 2, 1, 1.23338607143912400277554516731e-15]
[0.8, 9.1093837000000001e-31, 9.1093837000000001e-31, 1.0, 1.0, 4,1000,False, 1000, 2, 1, 1.27245948759682010468089055665e-15]
[0.8, 9.1093837000000001e-31, 9.1093837000000001e-31, 1.0, 1.0, 4,1000,False, 1000, 2, 1, 1.33018305244608351018089834658e-15]
[0.8, 9.1093837000000001e-31, 9.1093837000000001e-31, 1.0, 1.0, 4,1000,False, 1000, 2, 1, 1.27156838309710863205293851167e-15]
[0.8, 9.1093837000000001e-31, 9.1093837000000001e-31, 1.0, 1.0, 4,1000,False, 1000, 2, 1, 1.35862120851617245907366102446e-15]
[0.8, 9.1093837000000001e-31, 9.1093837000000001e-31, 1.0, 1.0, 4,1000,False, 1000, 2, 1, 1.00205687888662987254630114497e-15]
[0.8, 9.1093837000000001e-31, 9.1093837000000001e-31, 1.0, 1.0, 4,1000,False, 1000, 2, 1, 1.30499850731671544683103613192e-15]
[0.8, 9.1093837000000001e-31, 9.1093837000000001e-31, 1.0, 1.0, 4,1000,False, 1000, 2, 1, 1.18913557194771596513869235202e-15]
[0.8, 9.1093837000000001e-31, 9.1093837000000001e-31, 1.0, 1.0, 4,1000,False, 1000, 2, 1, 1.14994662874642149405517659217e-15]
[0.8, 9.1093837000000001e-31, 9.1093837000000001e-31, 1.0, 1.0, 4,1000,False, 1000, 2, 1, 1.36908394114661003871789174205e-15]
[0.8, 9.1093837000000001e-31, 9.1093837000000001e-31, 1.0, 1.0, 4,1000,False, 1000, 2, 1, 1.30698152735935594354930189677e-15]
[0.8, 9.1093837000000001e-31, 9.1093837000000001e-31, 1.0, 1.0, 4,1000,False, 1000, 2, 1, 1.35470660545848251779867877891e-15]
[0.8, 9.1093837000000001e-31, 9.1093837000000001e-31, 1.0, 1.0, 4,1000,False, 1000, 2, 1, 1.31332589326438529574632732325e-15]
[0.8, 9.1093837000000001e-31, 9.1093837000000001e-31, 1.0, 1.0, 4,1000,False, 1000, 2, 1, 1.27712299136033127638812883622e-15]
[0.8, 9.1093837000000001e-31, 9.1093837000000001e-31, 1.0, 1.0, 4,1000,False, 1000, 2, 1, 1.14112656664677846768880250273e-15]
[0.8, 9.1093837000000001e-31, 9.1093837000000001e-31, 1.0, 1.0, 4,1000,False, 1000, 2, 1, 1.33886936998405689981030922248e-15]
[0.8, 9.1093837000000001e-31, 9.1093837000000001e-31, 1.0, 1.0, 4,1000,False, 1000, 2, 1, 1.28673659656409940801859970571e-15]
[0.8, 9.1093837000000001e-31, 9.1093837000000001e-31, 1.0, 1.0, 4,1000,False, 1000, 2, 1, 1.35858725629611172940278648382e-15]
[0.8, 9.1093837000000001e-31, 9.1093837000000001e-31, 1.0, 1.0, 4,1000,False, 1000, 2, 1, 1.41743635855962025754972486962e-15]
[0.8, 9.1093837000000001e-31, 9.1093837000000001e-31, 1.0, 1.0, 4,1000,False, 1000, 2, 1, 1.30665521387171755718731849583e-15]
[0.8, 9.1093837000000001e-31, 9.1093837000000001e-31, 1.0, 1.0, 4,1000,False, 1000, 2, 1, 1.44995259587339787675387536867e-15]
[0.8, 9.1093837000000001e-31, 9.1093837000000001e-31, 1.0, 1.0, 4,1000,False, 1000, 2, 1, 1.14481006806670547547576734799e-15]
[0.8, 9.1093837000000001e-31, 9.1093837000000001e-31, 1.0, 1.0, 4,1000,False, 1000, 2, 1, 1.14533311150627195949085753257e-15]
[0.8, 9.1093837000000001e-31, 9.1093837000000001e-31, 1.0, 1.0, 4,1000,False, 1000, 2, 1, 1.20141945419457435291792244553e-15]
[0.8, 9.1093837000000001e-31, 9.1093837000000001e-31, 1.0, 1.0, 4,1000,False, 1000, 2, 1, 1.23186859419603215054199313535e-15]
[0.8, 9.1093837000000001e-31, 9.1093837000000001e-31, 1.0, 1.0, 4,1000,False, 1000, 2, 1, 1.295507481512759441308991548e-15]
[0.8, 9.1093837000000001e-31, 9.1093837000000001e-31, 1.0, 1.0, 4,1000,False, 1000, 2, 1, 1.18106324778976842117680946925e-15]
[0.8, 9.1093837000000001e-31, 9.1093837000000001e-31, 1.0, 1.0, 4,1000,False, 1000, 2, 1, 1.12305813182101581017539739222e-15]
[0.8, 9.1093837000000001e-31, 9.1093837000000001e-31, 1.0, 1.0, 4,1000,False, 1000, 2, 1, 1.25655100654834477831049236289e-15]
[0.8, 9.1093837000000001e-31, 9.1093837000000001e-31, 1.0, 1.0, 4,1000,False, 1000, 2, 1, 1.29186241551650479163035090897e-15]
[0.8, 9.1093837000000001e-31, 9.1093837000000001e-31, 1.0, 1.0, 4,1000,False, 1000, 2, 1, 1.26031349620719608774151211925e-15]
[0.8, 9.1093837000000001e-31, 9.1093837000000001e-31, 1.0, 1.0, 4,1000,False, 1000, 2, 1, 1.43762945739008902523665833967e-15]
[0.8, 9.1093837000000001e-31, 9.1093837000000001e-31, 1.0, 1.0, 4,1000,False, 1000, 2, 1, 1.19351083004117907223456096721e-15]
[0.8, 9.1093837000000001e-31, 9.1093837000000001e-31, 1.0, 1.0, 4,1000,False, 1000, 2, 1, 1.11068600728453566109689161146e-15]
[0.8, 9.1093837000000001e-31, 9.1093837000000001e-31, 1.0, 1.0, 4,1000,False, 1000, 2, 1, 1.23409085224801032494032346313e-15]
[0.8, 9.1093837000000001e-31, 9.1093837000000001e-31, 1.0, 1.0, 4,1000,False, 1000, 2, 1, 1.21840461685675318372835356697e-15]
[0.8, 9.1093837000000001e-31, 9.1093837000000001e-31, 1.0, 1.0, 4,1000,False, 1000, 2, 1, 1.1402049860496903115303463574e-15]
[0.8, 9.1093837000000001e-31, 9.1093837000000001e-31, 1.0, 1.0, 4,1000,False, 1000, 2, 1, 1.36785421641149137875498030457e-15]
[0.8, 9.1093837000000001e-31, 9.1093837000000001e-31, 1.0, 1.0, 4,1000,False, 1000, 2, 1, 1.20011522451207913167245544099e-15]
[0.8, 9.1093837000000001e-31, 9.1093837000000001e-31, 1.0, 1.0, 4,1000,False, 1000, 2, 1, 9.83864865351882988262217137231e-16]
[0.8, 9.1093837000000001e-31, 9.1093837000000001e-31, 1.0, 1.0, 4,1000,False, 1000, 2, 1, 1.23790159069354309544259803031e-15]
[0.8, 9.1093837000000001e-31, 9.1093837000000001e-31, 1.0, 1.0, 4,1000,False, 1000, 2, 1, 1.20694234001603043907248130353e-15]
[0.8, 9.1093837000000001e-31, 9.1093837000000001e-31, 1.0, 1.0, 4,1000,False, 1000, 2, 1, 1.30690079988282879819360858198e-15]
[0.8, 9.1093837000000001e-31, 9.1093837000000001e-31, 1.0, 1.0, 4,1000,False, 1000, 2, 1, 1.23019575396640228427977603947e-15]
[0.8, 9.1093837000000001e-31, 9.1093837000000001e-31, 1.0, 1.0, 4,1000,False, 1000, 2, 1, 1.18154191396851229220179069285e-15]
[0.8, 9.1093837000000001e-31, 9.1093837000000001e-31, 1.0, 1.0, 4,1000,False, 1000, 2, 1, 1.27499448746295220943704243357e-15]
[0.8, 9.1093837000000001e-31, 9.1093837000000001e-31, 1.0, 1.0, 4,1000,False, 1000, 2, 1, 1.11677872218588343093447225943e-15]
[0.8, 9.1093837000000001e-31, 9.1093837000000001e-31, 1.0, 1.0, 4,1000,False, 1000, 2, 1, 1.2352564817777231091280114691e-15]
[0.8, 9.1093837000000001e-31, 9.1093837000000001e-31, 1.0, 1.0, 4,1000,False, 1000, 2, 1, 1.15439756051512335196938072352e-15]
[0.8, 9.1093837000000001e-31, 9.1093837000000001e-31, 1.0, 1.0, 4,1000,False, 1000, 2, 1, 1.37740371734711682203262648567e-15]
[0.8, 9.1093837000000001e-31, 9.1093837000000001e-31, 1.0, 1.0, 4,1000,False, 1000, 2, 1, 1.27678459358571811915698864621e-15]
[0.8, 9.1093837000000001e-31, 9.1093837000000001e-31, 1.0, 1.0, 4,1000,False, 1000, 2, 1, 1.2274184763562600354591341268e-15]
[0.8, 9.1093837000000001e-31, 9.1093837000000001e-31, 1.0, 1.0, 4,1000,False, 1000, 2, 1, 1.29905716896747855895315427824e-15]
[0.8, 9.1093837000000001e-31, 9.1093837000000001e-31, 1.0, 1.0, 4,1000,False, 1000, 2, 1, 1.21632671768451487788806844106e-15]
[0.8, 9.1093837000000001e-31, 9.1093837000000001e-31, 1.0, 1.0, 4,1000,False, 1000, 2, 1, 1.23738461054545202172299856852e-15]
[0.8, 9.1093837000000001e-31, 9.1093837000000001e-31, 1.0, 1.0, 4,1000,False, 1000, 2, 1, 1.28263534568999536719201840986e-15]
[0.8, 9.1093837000000001e-31, 9.1093837000000001e-31, 1.0, 1.0, 4,1000,False, 1000, 2, 1, 1.29206852726895704115180460129e-15]
[0.8, 9.1093837000000001e-31, 9.1093837000000001e-31, 1.0, 1.0, 4,1000,False, 1000, 2, 1, 1.30089173884337966046624683723e-15]
[0.8, 9.1093837000000001e-31, 9.1093837000000001e-31, 1.0, 1.0, 4,1000,False, 1000, 2, 1, 1.38616268763799852089948566469e-15]
[0.8, 9.1093837000000001e-31, 9.1093837000000001e-31, 1.0, 1.0, 4,1000,False, 1000, 2, 1, 1.34240538027713258537502051315e-15]
[0.8, 9.1093837000000001e-31, 9.1093837000000001e-31, 1.0, 1.0, 4,1000,False, 1000, 2, 1, 1.29752424631500059185155422876e-15]
[0.8, 9.1093837000000001e-31, 9.1093837000000001e-31, 1.0, 1.0, 4,1000,False, 1000, 2, 1, 1.24784374719120391411261714347e-15]
[0.8, 9.1093837000000001e-31, 9.1093837000000001e-31, 1.0, 1.0, 4,1000,False, 1000, 2, 1, 1.34833616725728555701311095885e-15]
[0.8, 9.1093837000000001e-31, 9.1093837000000001e-31, 1.0, 1.0, 4,1000,False, 1000, 2, 1, 1.39073085479596779261905886145e-15]
[0.8, 9.1093837000000001e-31, 9.1093837000000001e-31, 1.0, 1.0, 4,1000,False, 1000, 2, 1, 1.29669949479736414293769360638e-15]
[0.8, 9.1093837000000001e-31, 9.1093837000000001e-31, 1.0, 1.0, 4,1000,False, 1000, 2, 1, 1.26054665200800984002584087067e-15]
[0.8, 9.1093837000000001e-31, 9.1093837000000001e-31, 1.0, 1.0, 4,1000,False, 1000, 2, 1, 1.30452510703462451911078574914e-15]
[0.8, 9.1093837000000001e-31, 9.1093837000000001e-31, 1.0, 1.0, 4,1000,False, 1000, 2, 1, 1.07690027211409283728140272025e-15]
[0.8, 9.1093837000000001e-31, 9.1093837000000001e-31, 1.0, 1.0, 4,1000,False, 1000, 2, 1, 1.27228560103890404387607565842e-15]
[0.8, 9.1093837000000001e-31, 9.1093837000000001e-31, 1.0, 1.0, 4,1000,False, 1000, 2, 1, 1.24382869928220746803003697611e-15]
[0.8, 9.1093837000000001e-31, 9.1093837000000001e-31, 1.0, 1.0, 4,1000,False, 1000, 2, 1, 1.27477521685883119573237861399e-15]
[0.8, 9.1093837000000001e-31, 9.1093837000000001e-31, 1.0, 1.0, 4,1000,False, 1000, 2, 1, 1.29762491731162276850521548843e-15]
[0.8, 9.1093837000000001e-31, 9.1093837000000001e-31, 1.0, 1.0, 4,1000,False, 1000, 2, 1, 1.25099696088329657978610702574e-15]
[0.8, 9.1093837000000001e-31, 9.1093837000000001e-31, 1.0, 1.0, 4,1000,False, 1000, 2, 1, 1.34230036132069973057513588001e-15]
[0.8, 9.1093837000000001e-31, 9.1093837000000001e-31, 1.0, 1.0, 4,1000,False, 1000, 2, 1, 1.13761539758803685421043385647e-15]
[0.8, 9.1093837000000001e-31, 9.1093837000000001e-31, 1.0, 1.0, 4,1000,False, 1000, 2, 1, 1.40342955272432425110180705459e-15]
[0.8, 9.1093837000000001e-31, 9.1093837000000001e-31, 1.0, 1.0, 4,1000,False, 1000, 2, 1, 1.3213290388938668418210715139e-15]
[0.8, 9.1093837000000001e-31, 9.1093837000000001e-31, 1.0, 1.0, 4,1000,False, 1000, 2, 1, 1.30361117168040847653497166287e-15]
[0.8, 9.1093837000000001e-31, 9.1093837000000001e-31, 1.0, 1.0, 4,1000,False, 1000, 2, 1, 1.34789162248489507370297369977e-15]
[0.8, 9.1093837000000001e-31, 9.1093837000000001e-31, 1.0, 1.0, 4,1000,False, 1000, 2, 1, 1.33810235945240025459924878048e-15]
[0.8, 9.1093837000000001e-31, 9.1093837000000001e-31, 1.0, 1.0, 4,1000,False, 1000, 2, 1, 1.26429791088481274128323025812e-15]
[0.8, 9.1093837000000001e-31, 9.1093837000000001e-31, 1.0, 1.0, 4,1000,False, 1000, 2, 1, 1.2275867382043357569602444115e-15]
[0.8, 9.1093837000000001e-31, 9.1093837000000001e-31, 1.0, 1.0, 4,1000,False, 1000, 2, 1, 1.3930156319182122504955673949e-15]
[0.8, 9.1093837000000001e-31, 9.1093837000000001e-31, 1.0, 1.0, 4,1000,False, 1000, 2, 1, 1.2858398427522951624829862183e-15]
[0.8, 9.1093837000000001e-31, 9.1093837000000001e-31, 1.0, 1.0, 4,1000,False, 1000, 2, 1, 1.2139591263555167364809484428e-15]
[0.8, 9.1093837000000001e-31, 9.1093837000000001e-31, 1.0, 1.0, 4,1000,False, 1000, 2, 1, 1.13316234814532913518567462721e-15]
[0.8, 9.1093837000000001e-31, 9.1093837000000001e-31, 1.0, 1.0, 4,1000,False, 1000, 2, 1, 1.27095041855084758659111706039e-15]
[0.8, 9.1093837000000001e-31, 9.1093837000000001e-31, 1.0, 1.0, 4,1000,False, 1000, 2, 1, 1.41859703837920489946808895778e-15]
[0.8, 9.1093837000000001e-31, 9.1093837000000001e-31, 1.0, 1.0, 4,1000,False, 1000, 2, 1, 1.44959867926756005658257364835e-15]
[0.8, 9.1093837000000001e-31, 9.1093837000000001e-31, 1.0, 1.0, 4,1000,False, 1000, 2, 1, 1.1604341451988201061661168359e-15]
[0.8, 9.1093837000000001e-31, 9.1093837000000001e-31, 1.0, 1.0, 4,1000,False, 1000, 2, 1, 1.20939768527105198350125355394e-15]
[0.8, 9.1093837000000001e-31, 9.1093837000000001e-31, 1.0, 1.0, 4,1000,False, 1000, 2, 1, 1.50798334159571767195693419057e-15]
[0.8, 9.1093837000000001e-31, 9.1093837000000001e-31, 1.0, 1.0, 4,1000,False, 1000, 2, 1, 1.18083312097608532950127681041e-15]
[0.8, 9.1093837000000001e-31, 9.1093837000000001e-31, 1.0, 1.0, 4,1000,False, 1000, 2, 1, 1.28538479065478687859158320997e-15]
[0.8, 9.1093837000000001e-31, 9.1093837000000001e-31, 1.0, 1.0, 4,1000,False, 1000, 2, 1, 1.28333128712173642678555448489e-15]
[0.8, 9.1093837000000001e-31, 9.1093837000000001e-31, 1.0, 1.0, 4,1000,False, 1000, 2, 1, 1.36010472640069855960204908148e-15]
[0.8, 9.1093837000000001e-31, 9.1093837000000001e-31, 1.0, 1.0, 4,1000,False, 1000, 2, 1, 1.3305119470548934344436302263e-15]
[0.8, 9.1093837000000001e-31, 9.1093837000000001e-31, 1.0, 1.0, 4,1000,False, 1000, 2, 1, 1.39946606090017541570670058354e-15]
[0.8, 9.1093837000000001e-31, 9.1093837000000001e-31, 1.0, 1.0, 4,1000,False, 1000, 2, 1, 1.48962601674982963763978420365e-15]
[0.8, 9.1093837000000001e-31, 9.1093837000000001e-31, 1.0, 1.0, 4,1000,False, 1000, 2, 1, 1.15391767393522168233304048555e-15]
[0.8, 9.1093837000000001e-31, 9.1093837000000001e-31, 1.0, 1.0, 4,1000,False, 1000, 2, 1, 1.20713784038324253232620945799e-15]
[0.8, 9.1093837000000001e-31, 9.1093837000000001e-31, 1.0, 1.0, 4,1000,False, 1000, 2, 1, 1.21059751295681881583640427851e-15]
[0.8, 9.1093837000000001e-31, 9.1093837000000001e-31, 1.0, 1.0, 4,1000,False, 1000, 2, 1, 1.15441120249970435019969619819e-15]
[0.8, 9.1093837000000001e-31, 9.1093837000000001e-31, 1.0, 1.0, 4,1000,False, 1000, 2, 1, 1.38660287139884868517434100614e-15]
[0.8, 9.1093837000000001e-31, 9.1093837000000001e-31, 1.0, 1.0, 4,1000,False, 1000, 2, 1, 1.26242791872249664409039252849e-15]
[0.8, 9.1093837000000001e-31, 9.1093837000000001e-31, 1.0, 1.0, 4,1000,False, 1000, 2, 1, 1.40410985377013750880253129768e-15]
[0.8, 9.1093837000000001e-31, 9.1093837000000001e-31, 1.0, 1.0, 4,1000,False, 1000, 2, 1, 1.27858181061240341243638257079e-15]
[0.8, 9.1093837000000001e-31, 9.1093837000000001e-31, 1.0, 1.0, 4,1000,False, 1000, 2, 1, 1.33357979736373247314849881022e-15]
[0.8, 9.1093837000000001e-31, 9.1093837000000001e-31, 1.0, 1.0, 4,1000,False, 1000, 2, 1, 1.1746079938200852623616388164e-15]
[0.8, 9.1093837000000001e-31, 9.1093837000000001e-31, 1.0, 1.0, 4,1000,False, 1000, 2, 1, 1.34282037508348214980761763445e-15]
[0.8, 9.1093837000000001e-31, 9.1093837000000001e-31, 1.0, 1.0, 4,1000,False, 1000, 2, 1, 1.27845676494106203759670894163e-15]
[0.8, 9.1093837000000001e-31, 9.1093837000000001e-31, 1.0, 1.0, 4,1000,False, 1000, 2, 1, 1.52994626822703112858616352341e-15]
[0.8, 9.1093837000000001e-31, 9.1093837000000001e-31, 1.0, 1.0, 4,1000,False, 1000, 2, 1, 1.25285165921640461152160337938e-15]
[0.8, 9.1093837000000001e-31, 9.1093837000000001e-31, 1.0, 1.0, 4,1000,False, 1000, 2, 1, 1.36091528244099755411078926554e-15]
[0.8, 9.1093837000000001e-31, 9.1093837000000001e-31, 1.0, 1.0, 4,1000,False, 1000, 2, 1, 1.43549235927846361231063218192e-15]
[0.8, 9.1093837000000001e-31, 9.1093837000000001e-31, 1.0, 1.0, 4,1000,False, 1000, 2, 1, 1.36186845526100828198086307507e-15]
[0.8, 9.1093837000000001e-31, 9.1093837000000001e-31, 1.0, 1.0, 4,1000,False, 1000, 2, 1, 1.26236478365734664245029726187e-15]
[0.8, 9.1093837000000001e-31, 9.1093837000000001e-31, 1.0, 1.0, 4,1000,False, 1000, 2, 1, 1.39739037552140400949471032925e-15]
[0.8, 9.1093837000000001e-31, 9.1093837000000001e-31, 1.0, 1.0, 4,1000,False, 1000, 2, 1, 1.18208266347694842008345727642e-15]
[0.8, 9.1093837000000001e-31, 9.1093837000000001e-31, 1.0, 1.0, 4,1000,False, 1000, 2, 1, 1.19154487531210820707404012507e-15]
[0.8, 9.1093837000000001e-31, 9.1093837000000001e-31, 1.0, 1.0, 4,1000,False, 1000, 2, 1, 1.56033593554261469441019743877e-15]
[0.8, 9.1093837000000001e-31, 9.1093837000000001e-31, 1.0, 1.0, 4,1000,False, 1000, 2, 1, 1.1285560935105894815377202621e-15]
[0.8, 9.1093837000000001e-31, 9.1093837000000001e-31, 1.0, 1.0, 4,1000,False, 1000, 2, 1, 1.37742635899524364353265680402e-15]
[0.8, 9.1093837000000001e-31, 9.1093837000000001e-31, 1.0, 1.0, 4,1000,False, 1000, 2, 1, 1.24950013549994902275134314877e-15]
[0.8, 9.1093837000000001e-31, 9.1093837000000001e-31, 1.0, 1.0, 4,1000,False, 1000, 2, 1, 1.22148822701668438329074693233e-15]
[0.8, 9.1093837000000001e-31, 9.1093837000000001e-31, 1.0, 1.0, 4,1000,False, 1000, 2, 1, 1.18550652395033908541526666954e-15]
[0.8, 9.1093837000000001e-31, 9.1093837000000001e-31, 1.0, 1.0, 4,1000,False, 1000, 2, 1, 1.28853848405035882766834121823e-15]
[0.8, 9.1093837000000001e-31, 9.1093837000000001e-31, 1.0, 1.0, 4,1000,False, 1000, 2, 1, 1.31536251117172418311049703478e-15]
[0.8, 9.1093837000000001e-31, 9.1093837000000001e-31, 1.0, 1.0, 4,1000,False, 1000, 2, 1, 1.27882761534973503839126981491e-15]
[0.8, 9.1093837000000001e-31, 9.1093837000000001e-31, 1.0, 1.0, 4,1000,False, 1000, 2, 1, 1.35088092766352472548076709269e-15]
[0.8, 9.1093837000000001e-31, 9.1093837000000001e-31, 1.0, 1.0, 4,1000,False, 1000, 2, 1, 1.32456391262791908955810835948e-15]
[0.8, 9.1093837000000001e-31, 9.1093837000000001e-31, 1.0, 1.0, 4,1000,False, 1000, 2, 1, 1.11099993770754262566434552438e-15]
[0.8, 9.1093837000000001e-31, 9.1093837000000001e-31, 1.0, 1.0, 4,1000,False, 1000, 2, 1, 1.2621688566983269050236592578e-15]
[0.8, 9.1093837000000001e-31, 9.1093837000000001e-31, 1.0, 1.0, 4,1000,False, 1000, 2, 1, 1.24589931924265403211022509974e-15]
[0.8, 9.1093837000000001e-31, 9.1093837000000001e-31, 1.0, 1.0, 4,1000,False, 1000, 2, 1, 1.32126731148555624150330868229e-15]
[0.8, 9.1093837000000001e-31, 9.1093837000000001e-31, 1.0, 1.0, 4,1000,False, 1000, 2, 1, 1.30690911050428192660624549832e-15]
[0.8, 9.1093837000000001e-31, 9.1093837000000001e-31, 1.0, 1.0, 4,1000,False, 1000, 2, 1, 1.35306694039985956410838985129e-15]
[0.8, 9.1093837000000001e-31, 9.1093837000000001e-31, 1.0, 1.0, 4,1000,False, 1000, 2, 1, 1.43472921496980731311503560706e-15]
[0.8, 9.1093837000000001e-31, 9.1093837000000001e-31, 1.0, 1.0, 4,1000,False, 1000, 2, 1, 1.25900618212370463575629878539e-15]
[0.8, 9.1093837000000001e-31, 9.1093837000000001e-31, 1.0, 1.0, 4,1000,False, 1000, 2, 1, 1.25059920101245584088628201407e-15]
[0.8, 9.1093837000000001e-31, 9.1093837000000001e-31, 1.0, 1.0, 4,1000,False, 1000, 2, 1, 1.30278405430604490027000493529e-15]
[0.8, 9.1093837000000001e-31, 9.1093837000000001e-31, 1.0, 1.0, 4,1000,False, 1000, 2, 1, 1.25025232541520302950134096854e-15]
[0.8, 9.1093837000000001e-31, 9.1093837000000001e-31, 1.0, 1.0, 4,1000,False, 1000, 2, 1, 1.27334161502480587862179939382e-15]
[0.8, 9.1093837000000001e-31, 9.1093837000000001e-31, 1.0, 1.0, 4,1000,False, 1000, 2, 1, 1.43363185244986549679646826446e-15]
[0.8, 9.1093837000000001e-31, 9.1093837000000001e-31, 1.0, 1.0, 4,1000,False, 1000, 2, 1, 1.18495738507797994274919867003e-15]
[0.8, 9.1093837000000001e-31, 9.1093837000000001e-31, 1.0, 1.0, 4,1000,False, 1000, 2, 1, 1.14272053740241225952613875208e-15]
[0.8, 9.1093837000000001e-31, 9.1093837000000001e-31, 1.0, 1.0, 4,1000,False, 1000, 2, 1, 1.28299151860991663661822279298e-15]
[0.8, 9.1093837000000001e-31, 9.1093837000000001e-31, 1.0, 1.0, 4,1000,False, 1000, 2, 1, 1.11593017140231557042896197852e-15]
[0.8, 9.1093837000000001e-31, 9.1093837000000001e-31, 1.0, 1.0, 4,1000,False, 1000, 2, 1, 1.27989659375196130792277390336e-15]
[0.8, 9.1093837000000001e-31, 9.1093837000000001e-31, 1.0, 1.0, 4,1000,False, 1000, 2, 1, 1.30551358079434433946454081226e-15]
[0.8, 9.1093837000000001e-31, 9.1093837000000001e-31, 1.0, 1.0, 4,1000,False, 1000, 2, 1, 1.2605241467717222875077593642e-15]
[0.8, 9.1093837000000001e-31, 9.1093837000000001e-31, 1.0, 1.0, 4,1000,False, 1000, 2, 1, 1.20935203286506120283347178321e-15]
[0.8, 9.1093837000000001e-31, 9.1093837000000001e-31, 1.0, 1.0, 4,1000,False, 1000, 2, 1, 1.29769753908251241577385122857e-15]
[0.8, 9.1093837000000001e-31, 9.1093837000000001e-31, 1.0, 1.0, 4,1000,False, 1000, 2, 1, 1.21230357271244217910658830636e-15]
[0.8, 9.1093837000000001e-31, 9.1093837000000001e-31, 1.0, 1.0, 4,1000,False, 1000, 2, 1, 1.44572504713650893101365901198e-15]
[0.8, 9.1093837000000001e-31, 9.1093837000000001e-31, 1.0, 1.0, 4,1000,False, 1000, 2, 1, 1.28138285084370508196021391398e-15]
[0.8, 9.1093837000000001e-31, 9.1093837000000001e-31, 1.0, 1.0, 4,1000,False, 1000, 2, 1, 1.21434763815064258298493963033e-15]
[0.8, 9.1093837000000001e-31, 9.1093837000000001e-31, 1.0, 1.0, 4,1000,False, 1000, 2, 1, 1.22048860461047236295251560482e-15]
[0.8, 9.1093837000000001e-31, 9.1093837000000001e-31, 1.0, 1.0, 4,1000,False, 1000, 2, 1, 1.16365122584967471551300430383e-15]
[0.8, 9.1093837000000001e-31, 9.1093837000000001e-31, 1.0, 1.0, 4,1000,False, 1000, 2, 1, 1.54181612085216187790909716107e-15]
[0.8, 9.1093837000000001e-31, 9.1093837000000001e-31, 1.0, 1.0, 4,1000,False, 1000, 2, 1, 1.27046033041894414281213565938e-15]
[0.8, 9.1093837000000001e-31, 9.1093837000000001e-31, 1.0, 1.0, 4,1000,False, 1000, 2, 1, 1.3097849349060556688823193856e-15]
[0.8, 9.1093837000000001e-31, 9.1093837000000001e-31, 1.0, 1.0, 4,1000,False, 1000, 2, 1, 1.1838943379692184645738211988e-15]
[0.8, 9.1093837000000001e-31, 9.1093837000000001e-31, 1.0, 1.0, 4,1000,False, 1000, 2, 1, 1.12804838221203839463370908881e-15]
[0.8, 9.1093837000000001e-31, 9.1093837000000001e-31, 1.0, 1.0, 4,1000,False, 1000, 2, 1, 1.14557425295121729352180469957e-15]
[0.8, 9.1093837000000001e-31, 9.1093837000000001e-31, 1.0, 1.0, 4,1000,False, 1000, 2, 1, 1.40887877364886766698756014427e-15]
[0.8, 9.1093837000000001e-31, 9.1093837000000001e-31, 1.0, 1.0, 4,1000,False, 1000, 2, 1, 1.26802256674625881325302862391e-15]
[0.8, 9.1093837000000001e-31, 9.1093837000000001e-31, 1.0, 1.0, 4,1000,False, 1000, 2, 1, 1.33587455181687591485032097458e-15]
[0.8, 9.1093837000000001e-31, 9.1093837000000001e-31, 1.0, 1.0, 4,1000,False, 1000, 2, 1, 1.23152723673744432017781705755e-15]
[0.8, 9.1093837000000001e-31, 9.1093837000000001e-31, 1.0, 1.0, 4,1000,False, 1000, 2, 1, 1.2370360996896225054562281052e-15]
[0.8, 9.1093837000000001e-31, 9.1093837000000001e-31, 1.0, 1.0, 4,1000,False, 1000, 2, 1, 1.1961297531875156242959964059e-15]
[0.8, 9.1093837000000001e-31, 9.1093837000000001e-31, 1.0, 1.0, 4,1000,False, 1000, 2, 1, 1.35852433897283757209872730099e-15]
[0.8, 9.1093837000000001e-31, 9.1093837000000001e-31, 1.0, 1.0, 4,1000,False, 1000, 2, 1, 1.28558071995104378076189761231e-15]
[0.8, 9.1093837000000001e-31, 9.1093837000000001e-31, 1.0, 1.0, 4,1000,False, 1000, 2, 1, 1.22547394665072804153937719374e-15]
[0.8, 9.1093837000000001e-31, 9.1093837000000001e-31, 1.0, 1.0, 4,1000,False, 1000, 2, 1, 1.27138054530856626460435728876e-15]
[0.8, 9.1093837000000001e-31, 9.1093837000000001e-31, 1.0, 1.0, 4,1000,False, 1000, 2, 1, 1.1719805744906063311104602588e-15]
[0.8, 9.1093837000000001e-31, 9.1093837000000001e-31, 1.0, 1.0, 4,1000,False, 1000, 2, 1, 1.41444450657041941659752671655e-15]
[0.8, 9.1093837000000001e-31, 9.1093837000000001e-31, 1.0, 1.0, 4,1000,False, 1000, 2, 1, 1.17623163622837402608539579857e-15]
[0.8, 9.1093837000000001e-31, 9.1093837000000001e-31, 1.0, 1.0, 4,1000,False, 1000, 2, 1, 1.15468966206237296333155365593e-15]
[0.8, 9.1093837000000001e-31, 9.1093837000000001e-31, 1.0, 1.0, 4,1000,False, 1000, 2, 1, 1.20545753995598156828973770347e-15]
[0.8, 9.1093837000000001e-31, 9.1093837000000001e-31, 1.0, 1.0, 4,1000,False, 1000, 2, 1, 1.21841140231388820053869402909e-15]
[0.8, 9.1093837000000001e-31, 9.1093837000000001e-31, 1.0, 1.0, 4,1000,False, 1000, 2, 1, 1.27800799399283874326617062345e-15]
[0.8, 9.1093837000000001e-31, 9.1093837000000001e-31, 1.0, 1.0, 4,1000,False, 1000, 2, 1, 1.22664752532559003185526022519e-15]
[0.8, 9.1093837000000001e-31, 9.1093837000000001e-31, 1.0, 1.0, 4,1000,False, 1000, 2, 1, 1.27172404265508837357189394268e-15]
[0.8, 9.1093837000000001e-31, 9.1093837000000001e-31, 1.0, 1.0, 4,1000,False, 1000, 2, 1, 1.18492733255725511790993950608e-15]
[0.8, 9.1093837000000001e-31, 9.1093837000000001e-31, 1.0, 1.0, 4,1000,False, 1000, 2, 1, 1.0644725117016095338879429637e-15]
[0.8, 9.1093837000000001e-31, 9.1093837000000001e-31, 1.0, 1.0, 4,1000,False, 1000, 2, 1, 1.42742955826190124644464744624e-15]
[0.8, 9.1093837000000001e-31, 9.1093837000000001e-31, 1.0, 1.0, 4,1000,False, 1000, 2, 1, 1.09820139366735567143011309213e-15]
[0.8, 9.1093837000000001e-31, 9.1093837000000001e-31, 1.0, 1.0, 4,1000,False, 1000, 2, 1, 1.19860941114372209717563980666e-15]
[0.8, 9.1093837000000001e-31, 9.1093837000000001e-31, 1.0, 1.0, 4,1000,False, 1000, 2, 1, 1.18933986877274662696086673315e-15]
[0.8, 9.1093837000000001e-31, 9.1093837000000001e-31, 1.0, 1.0, 4,1000,False, 1000, 2, 1, 1.46045352832513783573689751135e-15]
[0.8, 9.1093837000000001e-31, 9.1093837000000001e-31, 1.0, 1.0, 4,1000,False, 1000, 2, 1, 1.2496232187305362869808789931e-15]
[0.8, 9.1093837000000001e-31, 9.1093837000000001e-31, 1.0, 1.0, 4,1000,False, 1000, 2, 1, 1.33890905253566468916140923703e-15]
[0.8, 9.1093837000000001e-31, 9.1093837000000001e-31, 1.0, 1.0, 4,1000,False, 1000, 2, 1, 1.34223858768463390563308216969e-15]
[0.8, 9.1093837000000001e-31, 9.1093837000000001e-31, 1.0, 1.0, 4,1000,False, 1000, 2, 1, 1.17178294675798847479368379297e-15]
[0.8, 9.1093837000000001e-31, 9.1093837000000001e-31, 1.0, 1.0, 4,1000,False, 1000, 2, 1, 1.32143122792444249361392136674e-15]
[0.8, 9.1093837000000001e-31, 9.1093837000000001e-31, 1.0, 1.0, 4,1000,False, 1000, 2, 1, 1.16496292817928757005548297928e-15]
[0.8, 9.1093837000000001e-31, 9.1093837000000001e-31, 1.0, 1.0, 4,1000,False, 1000, 2, 1, 1.45950649621158444136453504632e-15]
[0.8, 9.1093837000000001e-31, 9.1093837000000001e-31, 1.0, 1.0, 4,1000,False, 1000, 2, 1, 1.26296603206159751188707105786e-15]
[0.8, 9.1093837000000001e-31, 9.1093837000000001e-31, 1.0, 1.0, 4,1000,False, 1000, 2, 1, 1.36650526982520793860346089761e-15]
[0.8, 9.1093837000000001e-31, 9.1093837000000001e-31, 1.0, 1.0, 4,1000,False, 1000, 2, 1, 1.37183807573105941247102556902e-15]
[0.8, 9.1093837000000001e-31, 9.1093837000000001e-31, 1.0, 1.0, 4,1000,False, 1000, 2, 1, 1.42999629477864771950542227947e-15]
[0.8, 9.1093837000000001e-31, 9.1093837000000001e-31, 1.0, 1.0, 4,1000,False, 1000, 2, 1, 1.24494174781416084473683572329e-15]
[0.8, 9.1093837000000001e-31, 9.1093837000000001e-31, 1.0, 1.0, 4,1000,False, 1000, 2, 1, 1.28328324723547840540104401718e-15]
[0.8, 9.1093837000000001e-31, 9.1093837000000001e-31, 1.0, 1.0, 4,1000,False, 1000, 2, 1, 1.3052030898916199216015576508e-15]
[0.8, 9.1093837000000001e-31, 9.1093837000000001e-31, 1.0, 1.0, 4,1000,False, 1000, 2, 1, 1.30590782779235650875579178116e-15]
[0.8, 9.1093837000000001e-31, 9.1093837000000001e-31, 1.0, 1.0, 4,1000,False, 1000, 2, 1, 1.37340779041532850298426428888e-15]
[0.8, 9.1093837000000001e-31, 9.1093837000000001e-31, 1.0, 1.0, 4,1000,False, 1000, 2, 1, 1.14576076871989947476712281961e-15]
[0.8, 9.1093837000000001e-31, 9.1093837000000001e-31, 1.0, 1.0, 4,1000,False, 1000, 2, 1, 1.36596291530316941362752743817e-15]
[0.8, 9.1093837000000001e-31, 9.1093837000000001e-31, 1.0, 1.0, 4,1000,False, 1000, 2, 1, 1.19351078287584897114476526078e-15]
[0.8, 9.1093837000000001e-31, 9.1093837000000001e-31, 1.0, 1.0, 4,1000,False, 1000, 2, 1, 1.18369796438971755082888591999e-15]
[0.8, 9.1093837000000001e-31, 9.1093837000000001e-31, 1.0, 1.0, 4,1000,False, 1000, 2, 1, 1.34320217812636741243393580767e-15]
[0.8, 9.1093837000000001e-31, 9.1093837000000001e-31, 1.0, 1.0, 4,1000,False, 1000, 2, 1, 1.37090658955336491098299758692e-15]
[0.8, 9.1093837000000001e-31, 9.1093837000000001e-31, 1.0, 1.0, 4,1000,False, 1000, 2, 1, 1.28885940513204233060535581542e-15]
[0.8, 9.1093837000000001e-31, 9.1093837000000001e-31, 1.0, 1.0, 4,1000,False, 1000, 2, 1, 1.29510285550033548673551869788e-15]
[0.8, 9.1093837000000001e-31, 9.1093837000000001e-31, 1.0, 1.0, 4,1000,False, 1000, 2, 1, 1.20346174578567880919619587945e-15]
[0.8, 9.1093837000000001e-31, 9.1093837000000001e-31, 1.0, 1.0, 4,1000,False, 1000, 2, 1, 1.27967146087546649555189839577e-15]
[0.8, 9.1093837000000001e-31, 9.1093837000000001e-31, 1.0, 1.0, 4,1000,False, 1000, 2, 1, 1.31004329113187808012005090386e-15]
[0.8, 9.1093837000000001e-31, 9.1093837000000001e-31, 1.0, 1.0, 4,1000,False, 1000, 2, 1, 1.20311203467111716942587511988e-15]
[0.8, 9.1093837000000001e-31, 9.1093837000000001e-31, 1.0, 1.0, 4,1000,False, 1000, 2, 1, 1.28922084007126285564728425292e-15]
[0.8, 9.1093837000000001e-31, 9.1093837000000001e-31, 1.0, 1.0, 4,1000,False, 1000, 2, 1, 1.33795515104061048014460386862e-15]
[0.8, 9.1093837000000001e-31, 9.1093837000000001e-31, 1.0, 1.0, 4,1000,False, 1000, 2, 1, 1.44800416724575968166415968192e-15]
[0.8, 9.1093837000000001e-31, 9.1093837000000001e-31, 1.0, 1.0, 4,1000,False, 1000, 2, 1, 1.23472283314750681704009861129e-15]
[0.8, 9.1093837000000001e-31, 9.1093837000000001e-31, 1.0, 1.0, 4,1000,False, 1000, 2, 1, 1.14160644874909801862777617724e-15]
[0.8, 9.1093837000000001e-31, 9.1093837000000001e-31, 1.0, 1.0, 4,1000,False, 1000, 2, 1, 1.20251502672657483234404962312e-15]
[0.8, 9.1093837000000001e-31, 9.1093837000000001e-31, 1.0, 1.0, 4,1000,False, 1000, 2, 1, 1.01982081079772430505651837724e-15]
[0.8, 9.1093837000000001e-31, 9.1093837000000001e-31, 1.0, 1.0, 4,1000,False, 1000, 2, 1, 1.07846204529662061688297007752e-15]
[0.8, 9.1093837000000001e-31, 9.1093837000000001e-31, 1.0, 1.0, 4,1000,False, 1000, 2, 1, 1.34593670795996080894078116263e-15]
[0.8, 9.1093837000000001e-31, 9.1093837000000001e-31, 1.0, 1.0, 4,1000,False, 1000, 2, 1, 1.30769167257686356738990921053e-15]
[0.8, 9.1093837000000001e-31, 9.1093837000000001e-31, 1.0, 1.0, 4,1000,False, 1000, 2, 1, 1.36108929548273915806394633942e-15]
[0.8, 9.1093837000000001e-31, 9.1093837000000001e-31, 1.0, 1.0, 4,1000,False, 1000, 2, 1, 1.30717313774697168556786137162e-15]
[0.8, 9.1093837000000001e-31, 9.1093837000000001e-31, 1.0, 1.0, 4,1000,False, 1000, 2, 1, 1.16950005834644499878276276379e-15]
[0.8, 9.1093837000000001e-31, 9.1093837000000001e-31, 1.0, 1.0, 4,1000,False, 1000, 2, 1, 1.17917769602048591267922443301e-15]
[0.8, 9.1093837000000001e-31, 9.1093837000000001e-31, 1.0, 1.0, 4,1000,False, 1000, 2, 1, 1.16140544982679859771072294352e-15]
[0.8, 9.1093837000000001e-31, 9.1093837000000001e-31, 1.0, 1.0, 4,1000,False, 1000, 2, 1, 1.12663440770682647825160091545e-15]
[0.8, 9.1093837000000001e-31, 9.1093837000000001e-31, 1.0, 1.0, 4,1000,False, 1000, 2, 1, 1.23680166671915541291728430442e-15]
[0.8, 9.1093837000000001e-31, 9.1093837000000001e-31, 1.0, 1.0, 4,1000,False, 1000, 2, 1, 1.26769153313925467158423139251e-15]
[0.8, 9.1093837000000001e-31, 9.1093837000000001e-31, 1.0, 1.0, 4,1000,False, 1000, 2, 1, 1.13195232925173778951229972677e-15]
[0.8, 9.1093837000000001e-31, 9.1093837000000001e-31, 1.0, 1.0, 4,1000,False, 1000, 2, 1, 1.36284332600953587880087962556e-15]
[0.8, 9.1093837000000001e-31, 9.1093837000000001e-31, 1.0, 1.0, 4,1000,False, 1000, 2, 1, 1.29451349352418878901559834833e-15]
[0.8, 9.1093837000000001e-31, 9.1093837000000001e-31, 1.0, 1.0, 4,1000,False, 1000, 2, 1, 1.30570384852196755440259747789e-15]
[0.8, 9.1093837000000001e-31, 9.1093837000000001e-31, 1.0, 1.0, 4,1000,False, 1000, 2, 1, 1.38290896102308218812798929718e-15]
[0.8, 9.1093837000000001e-31, 9.1093837000000001e-31, 1.0, 1.0, 4,1000,False, 1000, 2, 1, 1.27146695705547769619390413236e-15]
[0.8, 9.1093837000000001e-31, 9.1093837000000001e-31, 1.0, 1.0, 4,1000,False, 1000, 2, 1, 1.25735374454589296238387054358e-15]
[0.8, 9.1093837000000001e-31, 9.1093837000000001e-31, 1.0, 1.0, 4,1000,False, 1000, 2, 1, 1.43660577173430194929925565616e-15]
[0.8, 9.1093837000000001e-31, 9.1093837000000001e-31, 1.0, 1.0, 4,1000,False, 1000, 2, 1, 1.4713680519317647500465475301e-15]
[0.8, 9.1093837000000001e-31, 9.1093837000000001e-31, 1.0, 1.0, 4,1000,False, 1000, 2, 1, 1.31920970102944205394174410889e-15]
[0.8, 9.1093837000000001e-31, 9.1093837000000001e-31, 1.0, 1.0, 4,1000,False, 1000, 2, 1, 1.17571808792684248651783015775e-15]
[0.8, 9.1093837000000001e-31, 9.1093837000000001e-31, 1.0, 1.0, 4,1000,False, 1000, 2, 1, 1.22236551356722716699968290297e-15]
[0.8, 9.1093837000000001e-31, 9.1093837000000001e-31, 1.0, 1.0, 4,1000,False, 1000, 2, 1, 1.24027158733338095477197380844e-15]
[0.8, 9.1093837000000001e-31, 9.1093837000000001e-31, 1.0, 1.0, 4,1000,False, 1000, 2, 1, 1.42116190340236817433492386513e-15]
[0.8, 9.1093837000000001e-31, 9.1093837000000001e-31, 1.0, 1.0, 4,1000,False, 1000, 2, 1, 1.20293163372427239148582281602e-15]
[0.8, 9.1093837000000001e-31, 9.1093837000000001e-31, 1.0, 1.0, 4,1000,False, 1000, 2, 1, 1.50899591105224789447879348942e-15]
[0.8, 9.1093837000000001e-31, 9.1093837000000001e-31, 1.0, 1.0, 4,1000,False, 1000, 2, 1, 1.29098832155978753942807087085e-15]
[0.8, 9.1093837000000001e-31, 9.1093837000000001e-31, 1.0, 1.0, 4,1000,False, 1000, 2, 1, 1.44641229116259388299414545997e-15]
[0.8, 9.1093837000000001e-31, 9.1093837000000001e-31, 1.0, 1.0, 4,1000,False, 1000, 2, 1, 1.08461442542144468763787588694e-15]
[0.8, 9.1093837000000001e-31, 9.1093837000000001e-31, 1.0, 1.0, 4,1000,False, 1000, 2, 1, 1.23950622860350655502267755301e-15]
[0.8, 9.1093837000000001e-31, 9.1093837000000001e-31, 1.0, 1.0, 4,1000,False, 1000, 2, 1, 1.30850864327168391434799203516e-15]
[0.8, 9.1093837000000001e-31, 9.1093837000000001e-31, 1.0, 1.0, 4,1000,False, 1000, 2, 1, 1.18509374900303816680055990698e-15]
[0.8, 9.1093837000000001e-31, 9.1093837000000001e-31, 1.0, 1.0, 4,1000,False, 1000, 2, 1, 1.21373094070806280264173224945e-15]
[0.8, 9.1093837000000001e-31, 9.1093837000000001e-31, 1.0, 1.0, 4,1000,False, 1000, 2, 1, 1.38257774977088277759104089805e-15]
[0.8, 9.1093837000000001e-31, 9.1093837000000001e-31, 1.0, 1.0, 4,1000,False, 1000, 2, 1, 1.15532204876936977903119201462e-15]
[0.8, 9.1093837000000001e-31, 9.1093837000000001e-31, 1.0, 1.0, 4,1000,False, 1000, 2, 1, 1.52548049332835579821332962961e-15]
[0.8, 9.1093837000000001e-31, 9.1093837000000001e-31, 1.0, 1.0, 4,1000,False, 1000, 2, 1, 1.19252645392698284347938115038e-15]
[0.8, 9.1093837000000001e-31, 9.1093837000000001e-31, 1.0, 1.0, 4,1000,False, 1000, 2, 1, 1.31514467722741792585144614289e-15]
[0.8, 9.1093837000000001e-31, 9.1093837000000001e-31, 1.0, 1.0, 4,1000,False, 1000, 2, 1, 1.20708666668937666142745179173e-15]
[0.8, 9.1093837000000001e-31, 9.1093837000000001e-31, 1.0, 1.0, 4,1000,False, 1000, 2, 1, 1.26241810169341233941303277137e-15]
[0.8, 9.1093837000000001e-31, 9.1093837000000001e-31, 1.0, 1.0, 4,1000,False, 1000, 2, 1, 1.24440326539848699292972142682e-15]
[0.8, 9.1093837000000001e-31, 9.1093837000000001e-31, 1.0, 1.0, 4,1000,False, 1000, 2, 1, 1.35400014234344283568730851935e-15]
[0.8, 9.1093837000000001e-31, 9.1093837000000001e-31, 1.0, 1.0, 4,1000,False, 1000, 2, 1, 1.21605501589687716564468072193e-15]
[0.8, 9.1093837000000001e-31, 9.1093837000000001e-31, 1.0, 1.0, 4,1000,False, 1000, 2, 1, 1.48688650156690371827637966347e-15]
[0.8, 9.1093837000000001e-31, 9.1093837000000001e-31, 1.0, 1.0, 4,1000,False, 1000, 2, 1, 1.20691036919510996826634274528e-15]
[0.8, 9.1093837000000001e-31, 9.1093837000000001e-31, 1.0, 1.0, 4,1000,False, 1000, 2, 1, 1.30702946000182423867350852441e-15]
[0.8, 9.1093837000000001e-31, 9.1093837000000001e-31, 1.0, 1.0, 4,1000,False, 1000, 2, 1, 1.15866159921851415139496033956e-15]
[0.8, 9.1093837000000001e-31, 9.1093837000000001e-31, 1.0, 1.0, 4,1000,False, 1000, 2, 1, 1.38238629225596048587686433876e-15]
[0.8, 9.1093837000000001e-31, 9.1093837000000001e-31, 1.0, 1.0, 4,1000,False, 1000, 2, 1, 1.28124453776727528104041215627e-15]
[0.8, 9.1093837000000001e-31, 9.1093837000000001e-31, 1.0, 1.0, 4,1000,False, 1000, 2, 1, 1.34058122250778303130463473829e-15]
[0.8, 9.1093837000000001e-31, 9.1093837000000001e-31, 1.0, 1.0, 4,1000,False, 1000, 2, 1, 1.40364464614061969660165792748e-15]
[0.8, 9.1093837000000001e-31, 9.1093837000000001e-31, 1.0, 1.0, 4,1000,False, 1000, 2, 1, 1.14686911186077086179581790243e-15]
[0.8, 9.1093837000000001e-31, 9.1093837000000001e-31, 1.0, 1.0, 4,1000,False, 1000, 2, 1, 1.31221988772033335669963819725e-15]
[0.8, 9.1093837000000001e-31, 9.1093837000000001e-31, 1.0, 1.0, 4,1000,False, 1000, 2, 1, 1.26698234651659833675070577352e-15]
[0.8, 9.1093837000000001e-31, 9.1093837000000001e-31, 1.0, 1.0, 4,1000,False, 1000, 2, 1, 1.35768145189673168581094669213e-15]
[0.8, 9.1093837000000001e-31, 9.1093837000000001e-31, 1.0, 1.0, 4,1000,False, 1000, 2, 1, 1.36036412858729697493891111437e-15]
[0.8, 9.1093837000000001e-31, 9.1093837000000001e-31, 1.0, 1.0, 4,1000,False, 1000, 2, 1, 1.25080281874640937172306997819e-15]
[0.8, 9.1093837000000001e-31, 9.1093837000000001e-31, 1.0, 1.0, 4,1000,False, 1000, 2, 1, 1.33030866593338541708849613599e-15]
[0.8, 9.1093837000000001e-31, 9.1093837000000001e-31, 1.0, 1.0, 4,1000,False, 1000, 2, 1, 1.23707815390377964939857092547e-15]
[0.8, 9.1093837000000001e-31, 9.1093837000000001e-31, 1.0, 1.0, 4,1000,False, 1000, 2, 1, 1.20406213477859783942865913693e-15]
[0.8, 9.1093837000000001e-31, 9.1093837000000001e-31, 1.0, 1.0, 4,1000,False, 1000, 2, 1, 1.24253802536347313573635171072e-15]
[0.8, 9.1093837000000001e-31, 9.1093837000000001e-31, 1.0, 1.0, 4,1000,False, 1000, 2, 1, 1.41034003056474837520661014606e-15]
[0.8, 9.1093837000000001e-31, 9.1093837000000001e-31, 1.0, 1.0, 4,1000,False, 1000, 2, 1, 1.3761544744604855136812751514e-15]
[0.8, 9.1093837000000001e-31, 9.1093837000000001e-31, 1.0, 1.0, 4,1000,False, 1000, 2, 1, 1.4796315495707511494991048128e-15]
[0.8, 9.1093837000000001e-31, 9.1093837000000001e-31, 1.0, 1.0, 4,1000,False, 1000, 2, 1, 1.42781046656908122394358275006e-15]
[0.8, 9.1093837000000001e-31, 9.1093837000000001e-31, 1.0, 1.0, 4,1000,False, 1000, 2, 1, 1.4194464422751169474761533358e-15]
[0.8, 9.1093837000000001e-31, 9.1093837000000001e-31, 1.0, 1.0, 4,1000,False, 1000, 2, 1, 1.29858626969228363668080518308e-15]
[0.8, 9.1093837000000001e-31, 9.1093837000000001e-31, 1.0, 1.0, 4,1000,False, 1000, 2, 1, 1.35829239709077070986712128288e-15]
[0.8, 9.1093837000000001e-31, 9.1093837000000001e-31, 1.0, 1.0, 4,1000,False, 1000, 2, 1, 1.35367486089280347085676051229e-15]
[0.8, 9.1093837000000001e-31, 9.1093837000000001e-31, 1.0, 1.0, 4,1000,False, 1000, 2, 1, 1.39932503441751983840252414259e-15]
[0.8, 9.1093837000000001e-31, 9.1093837000000001e-31, 1.0, 1.0, 4,1000,False, 1000, 2, 1, 1.25243077962325415226140013127e-15]
[0.8, 9.1093837000000001e-31, 9.1093837000000001e-31, 1.0, 1.0, 4,1000,False, 1000, 2, 1, 1.41420121354957875105465673262e-15]
[0.8, 9.1093837000000001e-31, 9.1093837000000001e-31, 1.0, 1.0, 4,1000,False, 1000, 2, 1, 1.38259450659706749268890486217e-15]
[0.8, 9.1093837000000001e-31, 9.1093837000000001e-31, 1.0, 1.0, 4,1000,False, 1000, 2, 1, 1.25928372031971497991870309172e-15]
[0.8, 9.1093837000000001e-31, 9.1093837000000001e-31, 1.0, 1.0, 4,1000,False, 1000, 2, 1, 1.26529958026835529147571977455e-15]
[0.8, 9.1093837000000001e-31, 9.1093837000000001e-31, 1.0, 1.0, 4,1000,False, 1000, 2, 1, 1.29161036245782012673327337521e-15]
[0.8, 9.1093837000000001e-31, 9.1093837000000001e-31, 1.0, 1.0, 4,1000,False, 1000, 2, 1, 1.35523056723080406633612090685e-15]
[0.8, 9.1093837000000001e-31, 9.1093837000000001e-31, 1.0, 1.0, 4,1000,False, 1000, 2, 1, 1.31637613727692968858968063944e-15]
[0.8, 9.1093837000000001e-31, 9.1093837000000001e-31, 1.0, 1.0, 4,1000,False, 1000, 2, 1, 1.22140076901565900124746566055e-15]
[0.8, 9.1093837000000001e-31, 9.1093837000000001e-31, 1.0, 1.0, 4,1000,False, 1000, 2, 1, 1.29773904319905035873405530341e-15]
[0.8, 9.1093837000000001e-31, 9.1093837000000001e-31, 1.0, 1.0, 4,1000,False, 1000, 2, 1, 1.17105075994780061131165499549e-15]
[0.8, 9.1093837000000001e-31, 9.1093837000000001e-31, 1.0, 1.0, 4,1000,False, 1000, 2, 1, 1.3296194714973932670433894519e-15]
[0.8, 9.1093837000000001e-31, 9.1093837000000001e-31, 1.0, 1.0, 4,1000,False, 1000, 2, 1, 1.28485457978633587708501652667e-15]
[0.8, 9.1093837000000001e-31, 9.1093837000000001e-31, 1.0, 1.0, 4,1000,False, 1000, 2, 1, 1.243625606388419643368565243e-15]
[0.8, 9.1093837000000001e-31, 9.1093837000000001e-31, 1.0, 1.0, 4,1000,False, 1000, 2, 1, 1.33024296112566596159087183953e-15]
[0.8, 9.1093837000000001e-31, 9.1093837000000001e-31, 1.0, 1.0, 4,1000,False, 1000, 2, 1, 1.37335212738849308889457481636e-15]
[0.8, 9.1093837000000001e-31, 9.1093837000000001e-31, 1.0, 1.0, 4,1000,False, 1000, 2, 1, 1.12887404922697639590867727397e-15]
[0.8, 9.1093837000000001e-31, 9.1093837000000001e-31, 1.0, 1.0, 4,1000,False, 1000, 2, 1, 1.40130295894871520939387219449e-15]
[0.8, 9.1093837000000001e-31, 9.1093837000000001e-31, 1.0, 1.0, 4,1000,False, 1000, 2, 1, 1.16829487105327561149304992512e-15]
[0.8, 9.1093837000000001e-31, 9.1093837000000001e-31, 1.0, 1.0, 4,1000,False, 1000, 2, 1, 1.51507893935136461915660960402e-15]
[0.8, 9.1093837000000001e-31, 9.1093837000000001e-31, 1.0, 1.0, 4,1000,False, 1000, 2, 1, 1.35910782478267922744686312427e-15]
[0.8, 9.1093837000000001e-31, 9.1093837000000001e-31, 1.0, 1.0, 4,1000,False, 1000, 2, 1, 1.3283711434007981301678401289e-15]
